47.0
-0.000846
0.002259
-0.000545
0.001958
0.003465
-0.002556
0.000752
-0.001353
-0.002653
5.3e-05
0.000955
0.001961
-0.000247
-0.002055
-0.00235
-0.000247
-0.004555
0.001958
0.002359
0.003061
0.001858
0.001353
-0.000952
-0.004762
-0.001049
-0.002155
0.001657
-0.001751
-0.000247
0.00156
0.00146
-0.000144
-0.001447
0.000554
-0.000147
0.002262
0.006071
0.001858
0.000752
0.002055
-5e-05
0.001028
-0.001585
0.000323
-0.00068
0.000827
0.000924
0.001024
-0.001281
-0.001378
-0.002982
-0.000179
-0.003286
0.002328
0.003433
0.001024
-0.004486
-0.001178
0.003634
-0.001181
-7.5e-05
-0.001779
0.000627
0.001024
0.001626
-0.001081
-7.5e-05
0.000523
-0.000276
-0.004389
-0.000179
-0.000479
-0.002685
-0.002982
-0.000175
2.2e-05
0.001325
-0.001479
0.000423
0.000724
2.2e-05
0.001325
-0.000981
0.001028
-0.001081
-0.001181
0.000426
0.001024
-0.002484
0.001028
-0.001585
0.000323
-0.00068
0.000827
0.000924
0.001024
-0.001281
-0.001378
-0.002982
-0.000179
-0.003286
0.002328
0.003433
0.001024
-0.004486
-0.001178
0.003634
-0.001181
-7.5e-05
-0.001779
0.000627
0.001024
0.001626
-0.001081
-7.5e-05
0.000523
-0.000276
-0.004389
-0.000179
-0.000479
-0.002685
-0.002982
-0.000175
2.2e-05
0.001325
-0.001479
0.000423
0.000724
2.2e-05
0.001325
-0.000981
0.001028
-0.001081
-0.001181
0.000426
0.001024
0.000263
-0.001541
0.000163
0.001165
-0.001541
0.000464
0.003872
0.001369
0.003274
-0.000338
-0.002544
0.002672
0.00187
0.000868
0.002973
0.003073
6.6e-05
0.001867
0.001366
-0.004248
0.000166
0.001673
-0.001237
-0.004649
-0.002644
-0.002541
-0.003643
-0.004047
-0.00114
0.000868
-0.001742
-0.001438
-0.002838
-0.003339
0.000971
-0.000135
0.000266
0.000266
-0.000335
0.002772
0.000971
-0.002039
0.00187
-0.005147
-0.000633
-0.000836
-0.00234
-0.000135
-0.001842
0.000564
0.001165
0.001667
0.001169
-0.000335
0.000263
-0.001945
-0.003346
-0.001742
6.3e-05
0.002271
0.001566
0.002973
0.000363
-0.00114
-0.002641
-0.001939
0.002669
0.004273
0.000564
0.001065
-0.001341
0.000965
-0.000138
6.3e-05
-0.000238
-0.001441
-0.00084
0.000667
-0.003245
-0.001341
-0.001642
0.000965
0.000667
-0.000235
0.001867
0.000968
0.003574
0.002873
0.001269
-0.001241
0.000263
-0.002143
0.000166
-0.002845
-0.00104
0.001566
-0.001842
0.000564
0.001165
0.001667
0.001169
-0.000335
0.000263
-0.001945
-0.003346
-0.001742
6.3e-05
0.002271
0.001566
0.002973
0.000363
-0.00114
-0.002641
-0.001939
0.002669
0.004273
0.000564
0.001065
-0.001341
0.000965
-0.000138
6.3e-05
-0.000238
-0.001441
-0.00084
0.000667
-0.003245
-0.001341
-0.001642
0.000965
0.000667
-0.000235
0.001867
0.000968
0.003574
0.002873
0.001269
-0.001241
0.000263
-0.002143
0.000166
-0.002845
-0.00104
0.001566
0.002002
0.005611
-0.000504
0.000301
-0.001103
-0.004113
-0.000805
0.0
-0.000301
0.000799
0.001801
0.001501
0.001103
0.000799
-0.001808
-0.003612
0.000298
-0.001808
-0.000304
-0.002209
9.7e-05
0.001604
0.000501
-0.000705
0.000702
0.004812
-0.001002
-0.001804
-0.001504
0.004408
0.004207
0.004912
-0.003612
-0.002209
0.000802
0.003004
-0.000304
-0.002406
-0.001106
-0.000905
0.000598
0.003502
0.000699
-0.002011
-0.001206
0.000702
-0.000605
-0.001203
5.6e-05
-0.000943
-0.00525
0.000363
-0.001244
0.001162
0.001262
-0.002547
-0.001745
0.001864
-0.00375
-0.001143
0.000564
0.00026
-0.002143
-0.001642
0.001867
-0.000539
0.001262
0.001463
0.002064
0.000965
0.000962
-0.002043
0.001266
-0.00094
-0.004251
-0.001043
-0.002346
-0.001341
-0.00104
-0.000542
6e-05
-0.001645
0.001663
0.000363
0.000764
0.002365
0.002064
0.001065
0.001363
-0.003446
-0.002143
-0.001942
0.001366
-0.00084
-0.000739
-0.002647
0.001156
5.3e-05
0.001353
-0.001554
0.002459
0.004364
0.001153
0.000952
4.7e-05
-0.000551
0.002456
0.000852
-0.003762
-0.001858
0.000147
0.000251
-0.001153
-0.001757
0.00015
0.002058
0.000251
-0.001253
-0.000749
0.001156
0.003258
0.003058
-0.000752
0.00015
0.001751
0.000852
-0.001958
-0.001958
0.000752
-0.001855
-0.00426
-0.00526
-0.001851
-0.001754
-0.000652
-0.001053
-0.000251
0.000251
0.00426
-0.001654
-0.002957
-0.003358
0.000852
-0.001952
-0.000874
0.001936
-0.000868
0.00073
-0.000169
3.1e-05
0.001335
0.002741
0.001037
-0.000266
0.000636
-0.000266
0.00244
0.001936
-6.6e-05
0.002945
0.001237
0.004743
0.000232
-0.001569
-0.002976
-0.003982
-0.001673
-0.002171
-6.9e-05
0.001739
-0.004981
-0.002575
0.000332
-0.000871
-0.002274
0.000335
0.00244
0.00354
-0.001272
-0.001873
3.1e-05
-0.002375
0.000232
0.001635
0.00364
0.000232
-0.000166
-0.002572
-6.9e-05
-0.000169
-0.000166
0.000533
-0.000874
0.001936
-0.000868
0.00073
-0.000169
3.1e-05
0.001335
0.002741
0.001037
-0.000266
0.000636
-0.000266
0.00244
0.001936
-6.6e-05
0.002945
0.001237
0.004743
0.000232
-0.001569
-0.002976
-0.003982
-0.001673
-0.002171
-6.9e-05
0.001739
-0.004981
-0.002575
0.000332
-0.000871
-0.002274
0.000335
0.00244
0.00354
-0.001272
-0.001873
3.1e-05
-0.002375
0.000232
0.001635
0.00364
0.000232
-0.000166
-0.002572
-6.9e-05
-0.000169
-0.000166
0.000533
-0.003083
-0.001075
-0.000677
0.002234
0.001028
-0.000476
0.000125
0.003634
0.001028
-0.002184
-0.004185
-0.003283
-0.00218
0.001125
-0.001175
-0.003383
0.00073
0.003834
0.00203
-0.00328
0.000429
-0.000874
-0.000977
0.000727
0.004135
0.003537
0.000125
0.000426
0.001231
-0.000179
-0.001479
0.001429
0.000326
-0.000479
0.001125
0.000623
-0.000279
-0.001682
0.002431
-0.000777
-0.001679
-0.000376
-0.000674
0.000229
-0.000376
0.000627
-0.000977
0.00073
-0.002387
-0.001184
-0.000482
-0.000683
0.001322
0.001122
-0.001284
0.000219
0.001222
0.000219
-0.00078
0.001526
0.000721
1.9e-05
-0.001184
0.00062
0.00052
0.002826
0.00463
0.002926
0.002324
-0.000883
-0.00479
0.000721
0.000423
0.001623
0.00062
0.002227
0.002328
0.00192
0.001021
0.000222
-0.001284
-0.001284
-0.000282
0.00042
-0.002387
0.00062
-0.003587
-0.005294
0.00032
0.004232
0.00032
0.002425
0.001422
0.000119
0.00473
0.001923
-0.002387
-0.001184
-0.000482
-0.000683
0.001322
0.001122
-0.001284
0.000219
0.001222
0.000219
-0.00078
0.001526
0.000721
1.9e-05
-0.001184
0.00062
0.00052
0.002826
0.00463
0.002926
0.002324
-0.000883
-0.00479
0.000721
0.000423
0.001623
0.00062
0.002227
0.002328
0.00192
0.001021
0.000222
-0.001284
-0.001284
-0.000282
0.00042
-0.002387
0.00062
-0.003587
-0.005294
0.00032
0.004232
0.00032
0.002425
0.001422
0.000119
0.00473
0.001923
0.001523
-0.001488
0.000717
0.001523
0.002224
0.000918
-0.001385
1.6e-05
0.001523
-0.000482
0.001219
-0.000583
-0.001385
0.003023
0.002021
-0.001388
0.000517
1.6e-05
-0.003794
0.001219
-0.002989
0.000617
-0.00219
-0.004796
0.000714
0.003424
0.000417
0.003424
0.002923
0.001823
0.00172
0.001219
0.00192
0.002425
0.000116
0.00162
0.004824
-0.001892
0.002318
0.000316
-0.000786
-0.001391
-0.000288
0.000313
0.000514
-0.001989
-0.001692
0.001817
0.000533
-0.00047
0.002635
0.002638
0.00063
0.001028
2.5e-05
-0.002581
-0.000677
0.003834
0.000827
-0.000977
-0.002782
-0.00188
-0.000373
-0.001776
0.002033
0.001131
0.00083
-0.000674
0.000927
0.00213
-0.000473
0.002732
0.001328
0.001729
0.003233
0.004536
0.002431
-0.001479
-0.004286
-0.001579
0.003534
0.002033
-0.000874
0.000226
0.000229
0.00223
0.002531
0.001429
0.000727
0.00183
0.000623
0.002428
-0.00068
-0.00489
-0.002982
0.000529
-6.9e-05
0.002036
0.000232
-0.000871
0.002137
0.000533
0.001638
0.001435
-6.6e-05
-0.001071
-0.004477
-0.000266
0.000836
0.001736
0.002137
0.005645
0.001432
-0.001579
0.001231
0.002534
-0.000874
-0.00047
-0.001873
-0.00198
0.000125
0.004542
0.000229
0.000533
0.002234
-0.000172
0.002434
0.005344
-0.00047
0.001435
0.001933
0.004342
-0.00037
0.004943
0.003838
0.00073
0.000128
0.002133
0.00093
0.000125
0.000326
-0.002478
-0.001479
-0.000874
-6.9e-05
0.002036
0.000232
-0.000871
0.002137
0.000533
0.001638
0.001435
-6.6e-05
-0.001071
-0.004477
-0.000266
0.000836
0.001736
0.002137
0.005645
0.001432
-0.001579
0.001231
0.002534
-0.000874
-0.00047
-0.001873
-0.00198
0.000125
0.004542
0.000229
0.000533
0.002234
-0.000172
0.002434
0.005344
-0.00047
0.001435
0.001933
0.004342
-0.00037
0.004943
0.003838
0.00073
0.000128
0.002133
0.00093
0.000125
0.000326
-0.002478
-0.001479
-0.000874
-0.000276
0.000526
-0.000376
-0.003083
-0.002581
-0.002378
0.002835
0.003537
0.00203
0.00063
-0.000877
-0.000376
0.001231
0.000229
-0.001078
0.001028
-0.001078
0.001331
0.002431
0.001131
-0.000674
-0.000677
0.003136
0.001632
-0.00328
0.000125
0.001228
0.001529
0.001729
-0.001175
-0.002678
-0.002782
-0.000476
0.00083
-0.002782
-0.004085
-0.000576
0.001128
-0.000276
-0.000576
0.000627
-0.000977
-0.002177
0.00093
-0.001779
-0.000376
0.000125
0.001128
-0.001773
-0.001472
-0.002675
0.00214
-0.002071
0.002437
0.001635
-0.002174
-0.000269
-0.001172
-0.001172
0.002137
0.00364
-0.002074
-0.00037
-0.001472
-0.00177
0.000435
-0.001573
-0.002174
0.00224
0.003543
0.003343
0.001638
-0.000473
0.000836
-0.000373
0.000232
-0.002979
-0.001573
0.000435
0.000332
-0.002876
-0.001369
-0.003678
3.4e-05
-0.00067
-0.002873
0.001134
-0.001573
0.000733
-0.000771
-0.001569
0.001736
-0.002776
0.002437
0.001635
-0.001172
-0.001974
0.00073
0.001535
0.001131
0.000332
-0.001776
-0.003982
-0.003377
-0.000373
0.001331
0.000232
-0.002378
-0.001476
-0.001272
-0.000269
-0.001673
-0.002077
-0.00057
-0.001476
0.000833
0.000429
-0.001576
-0.000774
0.00063
-0.002776
-0.004076
-0.006682
-0.003073
-0.001071
0.000836
0.00214
0.00234
0.001939
0.001736
0.00244
-0.002976
-0.001172
-0.002274
-0.00458
0.001836
0.001435
-0.003277
-0.001172
-0.001573
-0.000768
-0.001472
-0.00177
-0.001369
0.003233
0.005031
0.00213
0.003634
-7.8e-05
-0.00068
0.003427
-0.002588
-0.001284
0.001623
0.001826
-0.001786
0.001425
0.000921
-0.00068
0.001325
-0.000883
0.002227
0.001923
0.001626
0.000423
0.000222
0.003029
-0.000182
-0.001084
0.001927
-0.001783
0.001322
-0.002086
-0.00369
0.000119
-0.001786
0.000818
0.000617
0.000724
0.001823
0.002328
-8.1e-05
0.001623
-0.000382
0.002625
0.001322
1.9e-05
0.003527
0.005131
0.004126
0.00042
0.00042
0.003233
0.005031
0.00213
0.003634
-7.8e-05
-0.00068
0.003427
-0.002588
-0.001284
0.001623
0.001826
-0.001786
0.001425
0.000921
-0.00068
0.001325
0.005749
-0.00057
-0.000868
0.002741
0.000335
0.003643
0.00094
0.000435
0.003042
0.004846
0.001037
-0.001269
0.002437
0.004643
0.002738
0.00224
0.001137
0.000736
-0.001372
-0.000266
0.002741
-0.000169
-0.002575
-0.001673
-0.000367
0.000736
0.001638
-0.001269
-0.002171
-0.002274
-0.00177
-0.004176
-0.001372
0.001635
0.001034
0.000536
-0.001472
-0.00187
-0.003374
0.000335
-0.000771
0.000132
0.000132
0.001535
0.002036
0.001638
-0.000467
-0.001673
0.000918
0.000821
0.003023
0.001823
-0.002287
0.001823
-0.000285
-0.000783
0.002622
0.003224
0.001018
0.003725
-0.00089
-0.000185
0.000414
-0.002093
-0.00209
0.001222
-0.000185
0.001523
0.00443
0.000915
-0.004398
0.00322
0.000213
-0.00099
0.001516
-8.8e-05
-0.000288
0.000717
-0.001488
-8.8e-05
0.002017
0.000714
0.000514
0.00192
0.001215
0.003421
0.001015
0.001419
0.000313
-0.004896
-0.002393
0.001115
0.001917
0.001717
-0.003496
-0.002591
0.003496
0.003296
0.002093
0.000789
-0.000517
0.000786
0.000789
-0.001817
-0.000216
0.000188
0.001588
0.00219
-0.000815
0.00109
-0.001616
-0.001215
0.001491
0.000185
-0.002422
-0.000617
0.000486
0.001288
0.002093
-0.003321
-0.000213
8.5e-05
-0.002422
-0.004022
-0.001513
0.001892
-0.000811
0.001695
0.000789
-0.000614
9.1e-05
9.1e-05
0.000188
0.001391
0.001895
-0.002816
-0.001212
-0.000611
-0.002917
-0.000514
0.001996
-0.001717
-0.004524
-0.002819
0.001864
-0.001344
-0.001447
0.000758
0.002563
0.002058
0.000855
0.005567
0.002459
-0.000348
0.000855
0.000655
0.002559
0.002158
0.003161
0.000254
0.001761
5.3e-05
0.002863
0.001059
0.002158
0.001156
0.00266
0.001955
-0.001955
0.000952
0.002857
0.002055
0.000952
0.001855
0.000351
0.000254
-0.001754
-0.003659
0.000451
0.002356
0.00416
0.004865
0.002356
0.003559
0.003158
0.000648
0.00015
-0.00266
0.000147
0.002152
0.003452
-0.002819
0.000623
0.000727
0.002434
0.000226
-0.001676
0.001429
-0.000376
-0.000576
0.00223
0.001328
0.000526
0.003133
0.004837
-0.00188
-7.5e-05
-0.000977
-0.001178
0.003437
-0.001579
0.00183
-7.5e-05
-0.000877
0.002334
0.001532
0.000927
-0.000376
0.002133
0.003133
0.001228
-0.001281
-0.000175
-0.000276
0.001131
-0.001476
-0.002378
0.000326
0.003333
-7.2e-05
2.5e-05
0.00213
0.001425
0.002628
0.000323
-0.000877
-0.002882
0.000122
-0.000179
-0.002819
0.002005
-0.000508
0.002503
0.002303
-0.003111
-0.001507
0.000899
0.000799
0.002907
-0.001103
0.002704
-0.000608
0.001999
0.005711
0.001497
0.000197
0.002303
0.004207
0.0013
-0.000407
-0.003211
0.000799
-0.001009
-0.000908
0.000197
-0.000407
0.000595
-0.002813
0.000194
-0.001306
0.001598
0.000899
-0.000304
0.002904
0.003101
-0.000705
-0.000107
0.002102
0.001197
0.003402
0.0013
0.004204
0.001494
-0.002014
-0.002816
0.002503
-0.000508
-0.000207
0.003787
0.000576
-0.001028
-0.001225
-0.00213
-0.00183
-0.000927
-0.000927
-0.001024
0.001281
0.001078
-0.002227
-2.5e-05
0.001682
0.000279
-0.001228
0.001278
-0.000526
-0.001128
-0.000727
-0.002729
0.001479
-0.000122
0.00068
0.000476
-0.001526
-2.5e-05
0.000279
0.003787
0.001482
-0.00203
-0.001328
-0.000226
0.00198
-0.004132
0.001582
0.00188
-0.001526
0.000877
-0.001729
-0.004536
0.000677
0.00218
-0.001024
-0.000727
-0.001131
0.00198
0.001783
0.001538
0.002942
0.003245
0.002143
0.001642
-0.001165
-0.00297
-0.000868
0.001742
0.00244
-0.000263
-0.002472
0.00244
0.001939
0.001237
-0.002271
-0.003474
0.001739
0.001939
-0.000868
0.001137
-0.003073
-0.004273
0.000335
-0.001466
-0.002368
-0.00167
0.001037
-0.000367
-6.6e-05
0.000836
-0.001068
0.003145
-0.00197
-0.000367
0.000539
-0.001269
-0.000664
0.000335
-0.000163
0.000439
-0.001366
0.000439
-0.002068
-0.003073
-6e-05
-0.001566
0.001783
-0.001187
0.002024
0.000119
-0.001789
0.00032
-0.000783
-0.001288
0.001923
0.005229
0.002823
0.001923
0.000818
-8.5e-05
-0.002293
0.002722
0.002021
0.000313
0.002218
0.002823
0.001316
0.000918
-0.00119
1.3e-05
-0.001491
0.000517
-0.000188
-0.002697
0.000614
0.000818
-0.002293
-0.002691
0.000915
-0.001288
0.00162
-0.001792
-0.002591
-0.002794
1.9e-05
0.00052
-0.001388
-0.001588
-0.00229
-0.000686
-0.001187
-0.000887
-0.000185
-0.001388
0.002321
0.000291
-0.001714
-0.00031
-0.000511
0.000695
0.002196
0.000492
0.001093
-0.00412
-0.00021
0.001595
0.004101
-0.000611
-0.001012
-0.000508
-0.000511
-0.000912
0.002299
0.003499
0.000191
-0.000711
0.001698
0.004104
-0.001714
0.001093
0.001895
0.000495
0.004505
-0.000414
-0.000915
0.001291
0.002895
0.004198
-0.001416
0.002898
0.001692
0.001093
0.000692
-0.001914
-0.00041
-0.001516
-0.000113
0.000291
0.000288
0.002093
0.00099
0.00109
0.002321
0.004875
0.004073
0.001165
0.002365
-0.000642
-0.001344
0.003869
0.004073
0.001463
-0.002343
0.000461
0.003167
0.00427
-0.000642
-0.000742
0.003668
0.002866
0.005275
0.002763
0.000758
-4.4e-05
-0.001143
0.001961
0.003267
0.00427
0.003468
0.001964
0.004467
-0.00365
6e-05
-0.000345
0.00166
-0.001046
0.00026
0.001262
-0.004254
-0.001648
0.00156
0.00557
-0.000846
0.000157
0.002763
0.002763
0.003365
-0.002456
-0.001851
0.001156
0.002321
-0.000345
0.000354
0.000257
-4.7e-05
0.001757
5.6e-05
-0.000849
0.001356
-0.000949
-0.000949
-4.7e-05
-0.000448
0.000959
0.001156
0.001059
0.003261
-5e-05
-0.003261
0.001557
0.001557
-0.00135
-0.00255
0.002763
-0.000244
0.002061
0.000755
-0.00145
0.00015
0.001958
0.003261
-0.001049
-0.000348
0.00015
0.001654
-0.00396
-0.00015
-0.002556
-0.002353
-0.002453
-0.00125
-0.003953
-0.001949
-0.001147
0.000354
-4.7e-05
-0.001548
-0.002751
5.6e-05
-0.003675
0.000138
-0.001469
-0.002472
0.002848
0.003446
-0.000464
-0.000263
-0.001366
0.00114
0.00515
0.003045
-0.002368
-0.000664
3.8e-05
0.000335
-0.004076
-0.002672
-0.00187
-0.004774
0.000141
-0.000263
-0.001867
-0.002365
-0.000461
-0.000761
-6e-05
0.005053
0.000639
0.002343
-0.000962
-0.002268
3.8e-05
-0.001667
-0.001967
-0.001366
-0.00026
-0.001964
-0.002964
-0.002769
0.000943
-0.000761
-0.000163
0.001143
0.002243
0.00114
0.000739
0.000442
0.001143
-0.000865
-0.000163
0.000542
0.003148
-0.003271
-0.001767
-0.000764
-0.002669
-0.001964
-0.002168
-0.000858
0.004054
0.004051
-0.002064
-0.002666
-6e-05
-0.000163
0.003747
0.003546
0.000138
-0.001165
-0.001563
-0.001964
-0.002265
-0.003368
-0.000661
-0.001761
0.000645
-5.6e-05
0.00255
0.002644
0.000639
-0.001062
-0.001266
-0.000464
-0.002268
0.000442
0.001344
-0.006378
-0.003465
-0.003866
-0.005169
0.000345
-0.001062
-0.003264
0.002149
0.000946
0.002638
0.002337
-0.00318
-0.002277
-0.000269
-6.6e-05
0.001839
0.001134
0.001234
0.000533
0.001234
-0.003177
-0.001071
-0.002074
0.003042
0.002334
-0.002678
2.8e-05
-0.003581
-6.9e-05
-0.002274
-0.001873
-0.00197
-0.003574
-0.002472
-0.001369
-0.003778
-6.9e-05
-0.000169
0.001538
0.001237
0.001137
0.002039
0.000232
-0.001369
-0.002575
0.000536
0.00344
0.000636
0.002641
0.001936
-0.000266
-0.00047
-0.00067
0.001234
0.001134
-0.00067
-0.002375
0.001237
0.000335
0.001538
0.00214
0.00104
-0.000567
0.002039
-6.6e-05
-0.000667
0.000639
0.002039
-6.3e-05
-0.000363
0.001538
-0.000263
-0.002472
-0.00167
0.001241
0.002945
0.002343
-0.000871
-6.9e-05
0.001836
-0.001673
-0.001469
-0.002071
0.000937
0.00615
0.001736
-0.003878
-0.000871
0.000533
0.002738
0.004442
0.001535
0.001736
0.001638
0.001435
0.000232
0.001836
0.001134
0.002638
-0.000768
-0.00037
3.1e-05
0.000432
0.003239
-0.002375
0.001325
0.001626
0.002328
0.001425
-0.00078
0.003327
0.003631
0.00162
0.000517
-0.000686
1.6e-05
-0.002591
0.000417
-0.002691
-0.001585
-0.001385
0.002328
-0.000686
-0.000783
0.001523
0.003728
0.000818
0.001118
0.002923
-0.000486
0.000517
0.001723
-0.000783
0.002622
0.005432
0.001723
0.002124
0.00473
0.003524
0.003922
0.002121
-0.00209
-0.000385
-0.000689
-0.002491
-0.00229
-0.001087
0.000417
1.6e-05
-0.000489
0.000414
-0.001291
-0.002375
0.00161
-0.000395
0.002813
0.001413
-0.000695
-0.001297
-0.000291
-0.000392
-0.000395
0.000207
0.00011
0.003017
-0.001598
-0.001394
0.001313
0.002011
0.00041
0.001309
-0.002102
0.00141
-0.001096
0.002412
0.001006
-9.7e-05
0.001707
-0.003502
-0.000598
0.002713
-9.7e-05
0.003111
0.001811
-0.000695
0.003111
0.002309
-0.000799
0.000304
-0.000595
-0.003903
0.003615
0.000905
0.001407
0.001209
-0.0024
0.000207
0.001006
-0.0011
0.001109
-0.000996
0.00161
-0.000395
0.002813
0.001413
-0.000695
-0.001297
-0.000291
-0.000392
-0.000395
0.000207
0.00011
0.003017
-0.001598
-0.001394
0.001313
0.002011
0.00041
0.001309
-0.002102
0.00141
-0.001096
0.002412
0.001006
-9.7e-05
0.001707
-0.003502
-0.000598
0.002713
-9.7e-05
0.003111
0.001811
-0.000695
0.003111
0.002309
-0.000799
0.000304
-0.000595
-0.003903
0.003615
0.000905
0.001407
0.001209
-0.0024
0.000207
0.001006
-0.0011
0.001109
-0.000996
-0.001015
-0.001516
0.00239
-0.002819
0.000388
0.001187
-0.000717
-0.000918
0.001692
0.003493
-0.000116
-0.001316
-0.002318
0.000586
0.000188
-0.004524
0.001388
-0.001717
0.001291
-0.000614
-0.00162
0.002691
-0.000316
-0.002321
-1.3e-05
-1.3e-05
-0.003625
0.002193
0.00209
-0.003123
-0.002318
-9e-06
0.000789
0.001989
0.001491
-0.000915
-0.000818
0.001388
8.5e-05
0.000686
0.001591
0.001388
-0.003324
-0.001018
0.003593
-0.001118
-0.002622
-0.000996
-0.000915
-0.001717
0.002898
0.000796
-0.002212
0.002801
9.1e-05
0.001194
0.002597
-0.000711
0.001494
0.00641
0.007506
0.002196
0.000589
-0.003421
-0.002017
0.002794
0.003092
0.001992
0.001595
0.001695
-0.00312
0.00109
0.001491
0.001795
0.003296
0.002694
0.003195
0.004599
0.003393
8.1e-05
-0.003925
-0.002121
0.00209
-0.000417
-0.002321
-0.002923
0.00239
-0.000313
-0.002622
-0.002021
-1.3e-05
0.002691
-0.000113
0.002891
0.003997
0.003991
-0.00052
0.002685
0.006093
0.000677
-0.001028
-0.001826
0.001181
0.000276
-2.5e-05
0.00068
0.002284
0.00068
-0.002328
0.00338
0.000576
0.001281
-0.000398
0.000401
-0.000298
0.003509
-0.000301
0.002506
0.003809
-0.002105
0.0002
0.004414
0.003907
0.001501
-0.001303
-3e-06
0.002303
0.000699
0.000999
0.003101
-0.000805
-0.000905
-0.000301
9.7e-05
0.001905
-0.000504
0.002202
0.000799
0.004909
0.000598
0.003606
0.003205
0.001601
0.002403
9.7e-05
-0.000905
0.000799
0.004107
0.001598
0.003903
0.003101
0.002099
0.002299
-0.002412
-0.003011
0.000598
0.001096
-0.000307
-0.00291
-0.000404
-0.004746
0.002678
0.000169
-0.000736
-0.000335
0.001469
0.000868
0.000467
-0.000633
-0.000733
-0.001134
-0.000937
0.002973
-0.002741
-0.002337
0.002475
0.000266
0.000764
0.00177
0.000567
-0.003239
-0.003543
-0.000429
6.9e-05
0.004279
-0.001338
-0.000636
0.001673
0.00177
0.002174
0.001974
0.001873
-0.001338
0.000968
-0.000235
0.003675
0.002575
-0.001034
0.000768
0.003076
0.001071
-0.002541
-0.002237
-3.4e-05
0.000266
-0.000338
0.001566
-0.000736
0.001225
0.001021
-0.002086
0.000423
-0.001281
0.000523
0.002729
-0.000182
0.001422
0.002224
-0.000282
1.9e-05
0.001122
0.002826
0.002324
0.001125
0.000724
0.000721
0.001526
0.004132
0.002124
0.000219
0.001526
0.00052
-0.000981
1.9e-05
0.003029
-0.001281
-0.00068
-0.00088
-0.000476
0.00343
0.003831
-0.000583
-0.001986
0.000119
-0.003192
-0.000583
-0.002785
-0.002785
-7.8e-05
-0.001585
-0.003386
-0.001482
-0.001886
-0.001886
-0.001482
-0.001281
0.004508
0.000197
-0.000501
-0.000204
-0.001905
0.000398
0.002804
0.000598
-0.000805
-0.001407
0.001002
0.001103
-0.001303
-0.003913
-0.0002
0.000301
0.000501
0.001397
-0.001109
0.000598
0.000902
-0.000304
-0.000504
-0.000805
0.001504
-0.000805
-0.003609
0.000902
0.000301
0.005811
0.002303
0.000197
0.000799
0.001601
0.001203
-0.000601
0.0002
0.0013
-0.003913
-0.003813
-0.000902
-0.002209
0.000498
0.000398
0.003405
0.002205
-0.000702
0.000598
0.004508
0.000197
-0.000501
-0.000204
-0.001905
0.000398
0.002804
0.000598
-0.000805
-0.001407
0.001002
0.001103
-0.001303
-0.003913
-0.0002
0.000301
0.000501
0.001397
-0.001109
0.000598
0.000902
-0.000304
-0.000504
-0.000805
0.001504
-0.000805
-0.003609
0.000902
0.000301
0.005811
0.002303
0.000197
0.000799
0.001601
0.001203
-0.000601
0.0002
0.0013
-0.003913
-0.003813
-0.000902
-0.002209
0.000498
0.000398
0.003405
0.002205
-0.000702
0.000598
0.004508
0.000197
-0.000501
-0.000204
-0.001905
0.000398
0.002804
0.000598
-0.000805
-0.001407
0.001002
0.001103
-0.001303
-0.003913
-0.0002
0.000301
0.000501
0.001397
-0.001109
0.000598
0.000902
-0.000304
-0.000504
-0.000805
0.001504
-0.000805
-0.003609
0.000902
0.000301
0.005811
0.002303
0.000197
0.000799
0.001601
0.001203
-0.000601
0.0002
0.0013
-0.003913
-0.003813
-0.000902
-0.002209
0.000498
0.000398
0.003405
0.002205
-0.000702
0.000598
0.001501
0.001504
-0.000699
-0.002005
0.001905
0.000401
-9.7e-05
-0.000799
0.001002
-0.001002
-0.001905
0.00271
0.002807
-0.002403
0.000301
-0.000197
3e-06
0.001303
-0.000802
-0.0001
0.0011
0.003111
0.000805
0.001103
-0.000501
-0.000601
0.003506
-0.002306
-0.00401
0.002309
0.001808
0.004514
0.003308
-0.00411
0.000504
0.001407
0.001306
0.004314
0.005213
-0.000103
-0.000805
-0.001908
0.000501
0.002005
0.002804
-0.000103
-0.000401
-0.001407
-0.000523
-0.001526
-0.002024
0.000182
0.00078
0.004088
0.001983
-0.000523
0.001482
-0.001325
-0.000122
-0.001529
-0.00213
0.000379
-0.003227
-0.000721
0.002885
-0.002127
-0.00042
0.00068
-0.001923
-0.003227
-0.000821
0.000179
0.004188
0.000282
-0.001923
-0.002829
-0.000724
-0.002027
-0.00343
-0.000119
-0.002725
-0.001523
0.000379
0.001783
0.000479
-0.002829
-0.001526
0.001385
-0.001923
0.002287
-0.001021
-0.000724
-0.002227
-2.2e-05
0.00058
-0.00032
-0.001231
-0.000226
0.001078
-0.004239
-0.003534
-0.002735
-0.004138
-0.001231
0.000874
-0.001632
-0.002434
0.000777
-0.000627
-0.003336
-0.000727
-2.2e-05
-0.001626
0.00058
-0.001422
-0.002127
-0.001927
-2.2e-05
0.002484
-0.000423
-0.000526
-0.001729
-0.000423
-0.001125
-0.001228
-0.006638
-0.006137
-0.003634
-0.002328
-0.00343
-0.002725
0.000179
0.002287
-0.001923
-0.001923
-0.001322
-0.001225
-0.002024
0.001084
0.001582
0.002487
-0.001322
-0.001726
0.001281
-0.005651
-0.003142
-0.00214
-0.002343
-0.004947
0.001269
0.001272
-0.000533
-0.002641
-0.002638
-0.003039
-0.000636
6.6e-05
-0.002337
-0.000332
0.002074
-0.000135
-0.002237
-0.001538
-0.000132
0.000868
-0.002541
0.001269
0.002071
0.00037
-0.003042
-0.002137
0.00057
-0.000435
-0.001438
-0.000934
-0.004843
0.000974
-0.00063
-0.000633
0.000269
-0.001031
-0.000232
-0.002237
-3.1e-05
-0.000432
0.002077
-0.002538
-0.003039
-0.001338
-0.000432
0.002779
-0.002137
-0.000836
-0.001535
-0.003339
0.003073
0.002976
0.003678
-0.000633
0.000868
0.004176
0.000868
-0.003139
0.001372
0.000567
-0.00364
0.000567
0.000367
-0.002938
0.000868
0.000166
-0.001137
0.000868
0.001068
-3.1e-05
0.00047
0.001172
-0.002234
-0.000432
-0.002738
-0.000439
0.002368
0.000367
0.000567
0.00047
-0.001034
-0.000937
-0.002237
-0.003239
-0.002841
-0.004646
-0.001134
0.005886
0.00458
0.001068
6.9e-05
-0.002938
-0.000536
0.001172
0.00167
-0.000144
-0.001748
-0.003953
-4.1e-05
0.002064
0.003766
0.000154
0.000457
-0.00125
-0.000247
0.002359
0.001757
-0.001551
-0.001748
-0.00255
-0.004956
-0.004151
0.000858
-0.002246
-0.000442
0.004069
0.001162
0.003164
0.001864
-0.001247
-0.004652
-0.001147
-0.004254
-0.004953
-0.002447
-0.002146
0.000561
-0.00255
-0.002951
-0.001949
-0.001745
-0.000539
0.000962
-0.000141
-0.001742
-0.002845
-0.002447
-0.002046
0.000965
0.00026
0.000865
0.004273
-0.000141
-0.003562
-0.005066
-0.003061
-0.001056
-0.001253
-0.000554
-0.004661
0.001353
-0.000849
-0.002453
-0.003255
-0.001651
5e-05
0.000855
0.000852
-0.00125
0.000254
-0.001153
-0.000251
-0.003155
-0.00536
-0.000952
-0.004257
-4.7e-05
0.002155
-5e-05
0.001654
-0.002256
0.000755
0.001356
0.000752
-0.00115
0.001353
0.001757
-0.000749
-0.002954
0.002657
0.003562
-0.000251
-0.001754
-0.003258
-0.00115
-0.002055
-0.001253
-0.002149
-0.001046
-0.001147
0.002459
-0.002757
0.001153
0.000855
-0.00135
-0.000348
0.00396
0.002459
-0.000752
-0.000652
0.003158
0.002356
-0.000551
0.000655
-0.002754
-0.002356
-0.004257
-0.000652
0.000251
-0.000251
0.001757
-0.000852
-0.000551
0.000755
0.001855
-0.00135
-0.000952
-0.001754
0.001454
0.000652
-0.000251
-0.001851
-0.002353
0.000855
-0.000247
-0.000749
-0.003051
0.002259
0.000655
0.000357
0.002863
-0.001855
-0.000752
-0.003452
0.001557
-0.001046
0.000554
-0.000244
0.002462
0.000927
0.000125
-0.000273
-0.002177
-0.003684
0.000526
-0.000279
-0.000376
-0.001779
-0.003086
-0.000974
0.001131
0.000329
0.00063
-0.003083
2.8e-05
0.001732
0.00464
0.001732
-0.001779
0.002531
0.002431
0.000526
-0.001876
-0.003781
-0.001779
-0.000576
-0.001977
-0.000172
-0.003083
-0.001773
0.003039
0.003941
0.001331
0.001328
-0.003183
-0.001579
0.002631
-0.000874
-0.003581
-0.000777
-0.001378
-0.003781
-0.003678
-0.002678
0.000429
-0.001175
-0.00067
0.002127
0.000824
-0.002083
0.003631
0.001225
-0.000977
-0.001479
-0.001779
-0.002184
-0.00068
0.001626
0.000623
0.000523
0.000924
-0.002281
0.001429
0.001826
-0.000677
-0.005291
-0.001682
0.001225
0.00213
0.002628
-0.00068
0.000824
-0.00068
0.001125
-0.00088
-0.001779
2.5e-05
0.002428
0.003531
-0.002484
-0.001281
-0.000179
-0.002481
-0.000179
0.001826
0.000523
0.001024
-0.002381
-0.00188
0.000326
0.001028
0.001927
-7.8e-05
-0.000175
-0.001983
0.002127
0.000824
-0.002083
0.003631
0.001225
-0.000977
-0.001479
-0.001779
-0.002184
-0.00068
0.001626
0.000623
0.000523
0.000924
-0.002281
0.001429
0.001826
-0.000677
-0.005291
-0.001682
0.001225
0.00213
0.002628
-0.00068
0.000824
-0.00068
0.001125
-0.00088
-0.001779
2.5e-05
0.002428
0.003531
-0.002484
-0.001281
-0.000179
-0.002481
-0.000179
0.001826
0.000523
0.001024
-0.002381
-0.00188
0.000326
0.001028
0.001927
-7.8e-05
-0.000175
-0.001983
0.001883
0.003484
-0.003032
-0.000827
-0.001626
-0.00052
0.001783
0.004188
0.002782
0.000279
0.001278
0.003083
0.001378
0.001178
-0.003032
-0.000222
-0.001128
0.002077
-0.001325
-0.000122
0.00068
0.001482
0.001278
0.001783
0.001281
0.000479
0.001382
-0.001729
0.001278
0.001479
-0.00213
-0.000627
-0.00213
-0.000727
0.002284
-0.002829
-0.001128
-0.00213
-0.003133
-0.00213
-0.000623
0.001482
0.000179
0.00088
0.000276
-0.000226
-0.001729
0.000877
0.001883
0.003484
-0.003032
-0.000827
-0.001626
-0.00052
0.001783
0.004188
0.002782
0.000279
0.001278
0.003083
0.001378
0.001178
-0.003032
-0.000222
-0.001128
0.002077
-0.001325
-0.000122
0.00068
0.001482
0.001278
0.001783
0.001281
0.000479
0.001382
-0.001729
0.001278
0.001479
-0.00213
-0.000627
-0.00213
-0.000727
0.002284
-0.002829
-0.001128
-0.00213
-0.003133
-0.00213
-0.000623
0.001482
0.000179
0.00088
0.000276
-0.000226
-0.001729
0.000877
-0.003026
0.002387
-0.000721
0.000683
-0.00042
-0.000119
-0.001222
-0.001322
0.001585
-1.9e-05
8.5e-05
0.001385
0.00339
0.003791
0.002487
0.001184
-0.001021
0.000185
-0.001118
-0.000617
0.000482
-0.001519
-0.003224
0.002086
0.001385
0.000786
0.001485
-0.000119
-0.000921
-0.001422
-0.002324
-0.00032
-0.000921
-0.003023
-1.9e-05
0.000783
0.000583
-0.000721
0.000583
-0.003224
0.001488
0.000786
0.000984
0.002086
-0.001021
-0.001219
0.001485
-0.001723
-0.000717
-0.001519
-0.00162
0.000786
-0.002519
-0.00312
-0.002519
0.000586
-0.000717
0.001889
0.002393
0.000789
-0.001616
0.002494
0.003095
-0.001319
-0.000316
0.00209
0.002093
0.000893
0.000486
-0.00192
-0.004226
-0.005429
-0.003224
-0.000414
-0.001012
0.001895
0.002494
0.001588
-0.004323
-0.002917
0.000692
9.1e-05
0.002794
-0.002719
0.000388
-0.000915
-0.001717
0.000291
0.000492
-0.001212
0.000392
0.00099
0.000893
0.000793
0.000592
0.002597
-0.002622
-0.000818
-0.000417
-0.000417
0.003393
0.000388
0.001291
-0.001015
-0.002522
0.002491
0.005802
0.003697
0.003794
0.004195
0.001187
0.004094
0.002397
0.004
-0.00021
0.002697
-0.000714
-0.004824
-1.3e-05
0.0051
-0.000313
-0.002017
0.000191
-0.000811
-0.001616
-0.001714
-0.000912
0.001895
0.003095
0.002694
0.002393
0.001892
0.000288
0.001989
-0.002522
-0.003424
-0.002318
-0.000815
-0.001616
-0.001215
0.001194
0.003299
0.00099
0.000993
8.8e-05
0.000789
0.001488
0.00209
0.002992
0.001789
0.001789
-0.000313
-0.002519
-0.002017
-0.002722
-0.00162
0.000586
0.002591
-0.000617
0.002691
0.00318
0.002274
7.2e-05
-0.002735
0.001676
0.000373
-0.001432
-0.000927
-0.002334
0.000273
0.000276
0.001779
0.005285
0.001479
0.002882
0.002779
0.002177
0.002976
-0.00374
-0.000128
0.003277
0.000871
-0.001438
0.002074
0.002678
0.00047
0.002979
0.001075
0.000273
0.003678
0.001773
0.000974
0.001071
0.003173
0.002174
6.6e-05
0.006986
0.002371
-3.4e-05
6.9e-05
-0.000836
0.001974
-0.000636
-0.000836
0.00177
-0.004141
-0.000736
-0.000335
0.00318
0.002274
7.2e-05
-0.002735
0.001676
0.000373
-0.001432
-0.000927
-0.002334
0.000273
0.000276
0.001779
0.005285
0.001479
0.002882
0.002779
0.002177
0.002976
-0.00374
-0.000128
0.003277
0.000871
-0.001438
0.002074
0.002678
0.00047
0.002979
0.001075
0.000273
0.003678
0.001773
0.000974
0.001071
0.003173
0.002174
6.6e-05
0.006986
0.002371
-3.4e-05
6.9e-05
-0.000836
0.001974
-0.000636
-0.000836
0.00177
-0.004141
-0.000736
-0.000335
-0.001808
-0.001707
0.0002
-0.002506
-0.003913
-0.001908
0.000301
0.000398
0.000398
-0.003108
-0.001905
-0.00291
-0.000504
0.0002
-0.00291
0.000699
0.000902
-0.002406
-0.001403
0.0
-0.0001
0.0012
-0.000705
0.0012
-0.002209
-0.001403
0.000301
-0.002506
-0.00401
-0.000398
-0.001504
-0.002406
-0.000902
-0.000601
-0.000902
0.0002
0.001203
0.000802
0.004411
0.002707
0.000702
-0.000699
0.00401
0.001604
-0.001905
-0.000501
0.000802
0.002406
-0.001732
-0.003838
-0.000429
-0.00073
0.001476
0.001576
-0.00073
-0.001529
0.000677
7.2e-05
-0.001031
-0.002133
0.002578
0.001075
0.000974
-0.00093
0.001576
0.003183
-0.003333
-0.003838
-0.001732
0.000269
0.001275
-0.000128
0.000273
0.000874
0.000373
0.001075
-0.00063
-0.003433
-0.002631
0.000777
0.004282
0.004486
-0.001228
0.000974
0.002475
0.000172
0.001479
-0.000326
-0.001028
-0.004235
-0.002631
-0.000426
-0.001432
-0.005542
-0.002431
0.004583
-0.000435
-0.001739
-0.00344
-0.00234
0.001569
6.9e-05
0.00067
-0.001638
-0.000633
0.000467
0.001569
0.001068
-0.000335
-0.003841
-0.004041
0.000273
-0.000232
-0.004342
-0.00073
-0.000232
0.00037
0.001071
-0.000833
-0.001432
-0.000529
-0.002334
-0.003236
-0.000329
-0.000429
-0.001234
-0.000229
0.000874
0.001476
0.004082
-0.002434
-0.003136
-0.00083
-0.001231
-0.001435
-0.002237
-0.001131
-0.000633
0.00037
6.9e-05
-0.00354
-0.00223
-0.002932
-0.001432
-0.001031
-0.000132
-0.002638
-0.005238
-0.000329
0.000974
0.000473
0.001476
-0.001228
0.000674
-0.002932
-0.003938
-0.000326
-0.000727
-0.001231
-0.00083
0.001375
0.000774
0.000172
-0.002635
-0.001933
0.000376
-0.000426
-0.001228
-0.006644
0.000476
0.003283
0.002177
-0.00183
-0.001729
-0.000226
0.003885
0.000573
0.000777
0.000576
-2.5e-05
0.001679
-0.002431
-0.002835
-0.001231
-0.003036
-0.000426
-0.003631
0.001479
0.000279
-0.002528
-0.002127
-0.002729
-0.001031
-0.000132
-0.002638
-0.005238
-0.000329
0.000974
0.000473
0.001476
-0.001228
0.000674
-0.002932
-0.003938
-0.000326
-0.000727
-0.001231
-0.00083
0.001375
0.000774
0.000172
-0.002635
-0.001933
0.000376
-0.000426
-0.001228
-0.006644
0.000476
0.003283
0.002177
-0.00183
-0.001729
-0.000226
0.003885
0.000573
0.000777
0.000576
-2.5e-05
0.001679
-0.002431
-0.002835
-0.001231
-0.003036
-0.000426
-0.003631
0.001479
0.000279
-0.002528
-0.002127
-0.002729
-0.002465
0.00084
0.001544
-0.002064
-0.001463
-0.000564
-0.002866
-0.002967
-0.00417
-0.005974
0.000648
-0.002563
0.001447
0.001648
-0.00156
-0.000257
-0.00016
-0.000457
-0.003766
-0.002964
-0.003665
-0.005874
-0.004768
0.000147
-0.00276
-0.005369
-0.004768
-0.001861
-0.001761
-0.003161
0.000345
-0.00156
0.000345
-0.000758
-0.000154
-0.001858
0.000247
-0.000858
0.000645
0.001751
0.000849
0.000345
0.00245
-0.000858
-0.000855
-0.001557
0.00115
-0.000454
0.002735
0.001529
0.001629
-0.00218
0.002431
0.001128
0.002835
0.001629
-0.000677
-0.002281
-0.00198
-0.000175
0.00063
0.002434
0.00203
0.002234
0.001729
-0.001378
-0.001078
0.003333
0.001629
0.001228
0.001028
-0.001078
-0.00198
0.003637
0.00213
0.000927
0.001228
0.001632
0.001626
0.001425
0.00223
0.001325
0.000426
0.004232
-0.00068
0.002127
0.000921
-0.001983
-0.002184
0.001225
0.002729
-0.002284
-0.001382
0.001024
-0.00198
0.00323
-0.001096
0.001814
-0.001294
-0.001795
-0.001397
-0.000796
0.003318
0.001714
-0.002199
0.000708
0.002813
0.003117
-0.002096
-0.002901
0.002315
-0.001795
0.002512
-0.001595
-0.002697
0.000611
-0.000796
0.000708
-0.001194
-0.002497
0.002115
0.001714
-0.000896
-0.000294
-0.0014
0.00021
0.001914
0.001309
0.001814
-0.0037
-0.000996
-9.4e-05
-0.002697
-0.000495
-0.001194
0.002014
0.002813
-0.001801
0.001009
0.00031
-0.001497
9e-06
0.002115
0.00141
-0.001902
-0.000298
-0.001002
-0.0001
-0.000799
-0.001905
0.001403
-0.000702
0.000103
0.000404
0.000605
-0.003509
-0.006312
-0.001604
0.001103
-0.001908
-0.000301
0.001808
0.003709
-0.000802
-0.004307
-0.000298
0.001106
-0.001106
-0.001905
0.000802
0.001103
0.00261
-0.003506
-0.004311
0.000204
-0.000601
-0.001905
-0.003506
0.002108
0.003108
0.001306
0.001106
0.001002
-0.002707
-0.002205
-0.000802
-0.000598
0.002606
-0.002002
-0.001501
0.001206
-0.0011
-0.003427
-0.005833
-0.002221
0.000683
-0.002224
-0.001519
-0.001322
-1.3e-05
-0.000116
-0.000717
0.000288
0.000285
-0.000116
-0.002619
-0.001817
0.000486
-0.001419
0.000489
-0.00182
-0.000818
0.00119
0.000288
0.000987
-0.000216
-0.001118
-0.001118
-0.000517
-0.000614
0.000185
-0.001319
0.000786
-0.000417
-0.000216
-0.002218
0.00089
0.000185
-0.004627
0.001288
0.000182
8.5e-05
-0.000313
0.001692
0.00209
0.000185
-0.002021
-0.003725
-0.002519
0.002992
-0.001209
-0.001814
-0.00151
-0.002212
-0.002512
-0.003011
0.000595
0.002099
-0.001209
-0.002713
-0.003311
0.000194
-0.001009
0.002202
0.004104
0.002303
-0.001507
0.000899
0.003506
0.001297
-0.000908
-0.000407
0.000695
0.002603
-0.000601
0.001598
0.002303
-0.001112
-0.00141
-0.002108
-0.000404
-0.000207
0.001798
0.000799
0.000395
-0.003518
-0.00031
0.000695
-0.000103
0.000695
-0.004517
-0.00281
-0.002813
0.002099
-0.000608
-0.003415
0.003101
0.0027
0.000702
0.001206
6e-06
0.000808
-0.0011
0.003615
0.00542
0.00171
0.004718
0.001203
0.000498
0.002105
0.006316
-0.002807
-0.001604
0.000501
0.001206
-0.001905
-0.004611
-0.001704
-0.000298
0.001704
0.004611
0.0011
0.001501
-0.001704
0.001303
-0.000398
0.000404
0.002606
0.00411
0.000401
0.000301
0.002406
-0.000802
0.006218
0.003907
0.0012
0.000298
-0.001002
0.002102
0.003105
-0.000605
0.002403
0.002606
0.000999
-0.001908
0.000799
0.004398
0.000282
-0.001118
0.001792
0.003994
0.000486
-0.001817
0.001087
-0.002422
0.000686
8.5e-05
0.000689
0.003195
0.001889
-0.001015
0.002594
0.000987
0.002694
-0.001316
0.000288
-0.000514
-0.001118
-0.000417
-0.001115
-0.000818
0.000489
0.000589
-0.000213
-1.6e-05
-0.001523
-0.002121
-1.6e-05
0.00119
0.002791
0.000388
-0.002719
0.000486
-0.00182
-0.000414
-0.000815
0.003393
0.003292
0.00219
0.000786
-0.000316
0.001689
-0.002024
0.001689
0.004398
0.000282
-0.001118
0.001792
0.003994
0.000486
-0.001817
0.001087
-0.002422
0.000686
8.5e-05
0.000689
0.003195
0.001889
-0.001015
0.002594
0.000987
0.002694
-0.001316
0.000288
-0.000514
-0.001118
-0.000417
-0.001115
-0.000818
0.000489
0.000589
-0.000213
-1.6e-05
-0.001523
-0.002121
-1.6e-05
0.00119
0.002791
0.000388
-0.002719
0.000486
-0.00182
-0.000414
-0.000815
0.003393
0.003292
0.00219
0.000786
-0.000316
0.001689
-0.002024
0.001689
-0.002403
-0.001501
-0.001096
-0.000398
-0.001397
-0.003907
-0.003001
-0.002196
0.00031
0.001914
0.000608
0.000508
-0.000291
-0.003903
0.00041
-0.001494
0.000508
0.001914
-0.001595
-0.000896
-0.001895
-0.000495
0.001209
-0.000695
-0.002196
-0.000191
-0.001695
0.000207
-0.001494
-0.002798
-9.4e-05
-0.002196
-0.000893
0.00161
0.001911
-9.1e-05
0.000912
-0.001397
-0.001297
0.000711
-0.002299
-0.001497
-0.000495
-0.002801
-0.001391
-0.002397
-0.000789
-0.002798
-0.000207
-0.001811
9.4e-05
0.000695
0.002202
0.002303
-0.000407
0.000194
0.0012
0.001297
0.001297
-0.000608
0.0025
-0.001009
-0.001009
0.001601
-0.002613
-0.000908
0.002503
0.000398
0.002199
0.004304
0.003603
0.000893
0.000492
0.001497
-0.00171
-0.002014
0.000592
-0.001416
-0.000614
0.000395
0.002196
9.1e-05
0.001194
0.001795
0.002397
0.000291
0.00119
0.001491
0.004004
0.006811
0.000993
-0.00041
0.002093
0.003399
0.001491
0.000689
-0.000207
-0.001811
9.4e-05
0.000695
0.002202
0.002303
-0.000407
0.000194
0.0012
0.001297
0.001297
-0.000608
0.0025
-0.001009
-0.001009
0.001601
-0.002613
-0.000908
0.002503
0.000398
0.002199
0.004304
0.003603
0.000893
0.000492
0.001497
-0.00171
-0.002014
0.000592
-0.001416
-0.000614
0.000395
0.002196
9.1e-05
0.001194
0.001795
0.002397
0.000291
0.00119
0.001491
0.004004
0.006811
0.000993
-0.00041
0.002093
0.003399
0.001491
0.000689
-0.001147
-0.000645
-0.001544
0.001964
-0.003452
-0.003753
-4.1e-05
-0.000238
0.000363
-0.00114
-4.1e-05
-0.000141
0.001663
0.000263
-0.00094
-0.00104
0.001262
0.004373
0.000357
-0.001848
-0.001043
0.001466
0.002563
0.000561
-0.000943
-0.004358
-0.001143
0.001466
-0.000943
6e-05
0.00427
0.001858
-0.001748
-0.002049
0.000861
-0.000445
0.00136
0.00146
0.002362
0.000457
0.000157
-0.000445
0.001761
0.002362
0.005272
0.002462
0.001864
0.006074
-0.003155
-0.001654
-0.002954
-0.000846
-0.003853
-0.003452
-0.000348
0.000855
-0.002553
0.001457
0.002162
-0.000548
-0.001147
0.000257
-0.001147
-0.002854
-0.005764
-0.00125
0.000154
-0.002152
-0.002453
0.000351
0.004264
-0.001654
-0.001053
0.002957
0.003656
5e-05
0.001554
-0.001454
-0.001855
-0.001353
0.001657
0.000351
-0.002757
-0.000652
-0.002757
0.001657
0.002556
0.000154
0.000554
0.001153
0.000749
0.000652
0.001955
0.000752
0.002356
0.002459
-0.001053
0.001454
-0.000451
-0.003158
-0.001855
0.002957
0.002957
0.001156
0.002158
0.003559
0.000251
0.000652
0.000351
0.002653
0.001952
0.000247
-0.00078
0.001425
0.00313
0.003133
0.00183
0.003731
0.000122
-0.002184
0.001526
-0.002284
0.000924
0.000222
0.003029
0.002528
-0.001482
-0.001181
-0.001382
-0.001779
-0.000476
0.00193
0.00193
0.005235
0.004032
0.000821
-0.001284
0.001623
0.002224
0.000821
-0.003891
-0.002086
-0.001281
-0.002688
-0.000476
-0.002284
0.000326
0.00183
0.002331
-0.00058
0.000423
-0.002688
0.000724
0.000222
0.002324
0.00052
-0.001385
-0.001084
-0.003186
-0.000981
0.001103
0.001403
0.000601
0.001604
-0.004007
-9.7e-05
0.002309
0.001303
0.000301
-0.00401
-0.001303
-0.003609
0.0
-0.001303
0.001504
0.001306
0.001306
0.000805
0.0002
0.002309
0.005116
0.004915
0.002406
0.00421
0.001403
0.004007
0.003405
0.0001
0.001002
0.003004
0.000197
-0.003412
-0.004517
-0.00391
-0.000504
-0.000404
-0.001407
0.000598
-0.000805
-0.001507
0.000699
0.001701
0.000799
0.002503
0.001504
0.001002
0.0002
0.000298
0.000576
-0.000326
7.5e-05
-0.001429
-0.000727
-0.003029
-0.000122
-0.000927
0.000981
0.001783
0.000576
0.000373
-0.001228
0.000179
0.001378
0.001178
0.001378
-0.002729
0.001078
0.00068
-0.002328
0.000677
0.00589
0.004082
-0.00183
7.2e-05
0.000774
0.001075
0.000977
0.000175
-0.00093
-0.001833
0.001476
0.000175
0.000373
-0.000429
-0.002033
0.001476
0.001275
0.001679
-0.006143
-0.00183
-0.000122
0.00208
0.000172
-0.002534
0.001682
0.00218
-0.000836
0.000166
-0.003042
-0.00244
0.001566
0.002469
0.001266
-0.003543
-0.000836
-0.000836
0.002168
6.3e-05
-0.003145
-0.001241
-0.001037
-0.00104
0.001469
0.004373
0.001266
-0.000539
-0.001237
0.000664
0.003972
0.001366
0.004273
0.000464
-0.001241
0.000965
0.000664
6.3e-05
0.000263
-0.000636
-0.000539
0.004373
0.002068
-0.001642
-0.002644
0.000865
0.000768
0.000868
0.000564
0.000166
-0.002544
-0.002039
0.002672
0.001169
0.00287
0.003274
-0.002259
0.001751
0.00255
0.003352
-0.001059
-0.00166
0.001754
0.001952
-0.000855
-0.00146
0.002249
-0.000655
-0.002058
-0.000855
0.003653
0.00245
-0.000357
-0.004668
-0.004364
0.000345
-0.00547
-0.00156
-0.002462
-0.001159
-0.00266
-0.000655
-0.000154
-0.000758
0.000144
-0.003462
0.001253
0.004358
0.00235
0.001347
-0.000154
-0.00156
-0.001059
-0.001259
-0.001159
-0.001159
-0.000257
-0.00156
-0.001855
0.000351
0.003255
-0.00156
-0.002657
0.000548
-0.000363
0.001945
-0.001667
-0.002171
-0.000868
0.000338
0.002146
-0.00026
-6.3e-05
0.000539
0.003446
0.004849
-0.000968
0.000636
0.00244
0.005548
0.003242
-0.00197
-0.00197
-0.000664
0.001839
0.001137
0.00094
0.00084
-6.6e-05
-0.001466
0.000135
0.001842
-0.000163
0.001942
0.000238
-0.000166
0.002541
0.001638
-0.001165
-0.000367
-0.00197
0.000836
0.001137
-0.001269
0.000235
-0.001269
-0.000768
0.000739
0.002838
0.000836
0.002043
0.001942
0.001128
-0.00208
0.00223
0.001629
-7.5e-05
-0.000576
0.001729
0.000627
-0.001479
0.001529
-0.000977
-0.002284
-0.00088
0.002832
0.004135
0.000226
-0.001482
0.001325
0.000724
0.002528
0.00333
0.004032
0.00313
0.004333
0.001125
-0.00058
-0.001482
2.2e-05
0.00193
0.00223
0.000824
-0.000175
0.001024
-0.001783
0.001629
0.001927
0.00032
0.004229
0.003527
0.002127
-0.003186
-0.000279
-0.002086
-0.002387
0.001823
0.00042
0.000219
0.002425
0.000304
-0.000298
-0.0011
-0.001601
0.001303
-0.001905
0.000905
-0.000501
-0.000298
-0.001701
-0.000699
-0.000899
-0.000498
-0.0013
-0.000598
0.000504
0.000705
-0.000896
0.000605
0.001507
-9.7e-05
-0.003004
0.001006
0.003314
0.001106
0.002309
-0.000999
-0.0001
-0.002202
-0.000999
-0.000498
3e-06
0.001811
3e-06
-0.002299
-0.000796
0.003813
0.00291
0.002807
0.003408
0.000902
0.000802
0.001507
0.002202
-0.0001
0.001206
-0.003408
0.001403
0.001103
-0.003308
0.001106
0.005514
0.001704
-0.00421
0.002603
-0.000301
-0.000601
0.001504
-0.000899
0.001106
0.000805
-0.000702
0.002105
0.0002
0.001704
0.003709
0.001704
0.0002
0.001006
-0.000301
-0.000501
0.000301
-0.0002
0.000802
0.002008
0.001908
0.0002
0.001607
0.002807
0.003108
0.000298
0.002503
-0.004514
0.001801
0.002704
-0.000501
-0.003612
-0.001507
-0.001206
-0.001804
-0.001804
-0.000805
0.001002
-9.7e-05
0.000504
0.002005
-0.000617
-0.002823
0.000188
0.000191
-0.006024
-0.00412
0.001093
-0.001717
-0.000815
0.002096
-0.001215
0.00099
0.000392
-0.000614
-0.002616
-0.002816
-0.000815
-0.003521
-0.001616
0.002594
0.002995
-0.001212
0.001591
-0.001717
-0.00021
0.002293
0.001394
0.000492
0.001795
-0.000614
-0.00041
0.001394
9.1e-05
-0.001714
0.001294
-0.000912
-0.001015
0.001491
-0.001814
-0.001012
-0.000511
-0.002719
-0.004724
-0.00041
-0.00011
-0.00031
-0.003819
-0.002713
0.001194
0.001595
0.000695
0.0024
0.002397
-0.000611
0.000595
-0.001212
-0.001814
-0.004019
-0.003719
0.001297
0.002096
-0.001714
0.001297
-0.000708
0.000996
-0.002415
-0.001313
0.000896
-0.000307
-0.000304
0.000996
-9e-06
-0.001012
-0.004414
-0.002509
-6e-06
0.000197
0.003305
0.002299
0.000996
0.000495
-0.004013
0.001598
0.002904
-0.000304
0.000298
-0.000307
-0.000407
-0.002209
0.002102
0.001701
-0.00021
-0.002415
-0.00261
-0.000808
-0.002512
0.000777
0.000279
-0.00343
-0.005636
0.001284
0.00479
-0.000623
-0.002227
-0.000724
-0.000122
0.001184
-0.001021
0.00088
-0.001125
-0.000219
-0.00032
-0.002829
0.001482
-0.001122
-0.000119
0.000282
-0.000219
-0.002528
-0.001024
0.001382
-0.002628
-0.004329
-0.000821
-0.000721
-0.00343
-0.00313
-2.2e-05
0.001482
0.003891
0.002584
-0.000119
0.001181
7.8e-05
0.000382
-0.000623
-0.001122
0.001081
0.000179
-0.000122
-0.005432
-0.001024
-0.001726
-0.001623
0.002155
0.000247
0.002553
-0.001955
0.000251
0.000852
-0.000454
0.000746
-0.003361
0.000548
0.000952
-0.002359
-0.001454
5.3e-05
-0.000852
0.000351
-0.00135
-0.002757
0.002857
0.003158
0.000749
-0.001657
-0.002052
-0.00135
-0.00135
-0.00125
0.001056
0.000655
-0.000351
-0.001551
0.00276
0.001654
0.00015
0.001654
-0.001751
-0.003759
-0.001654
-0.001754
-0.000952
0.000451
-0.001855
0.000351
-0.001754
-0.002356
-0.000351
0.001356
-0.003255
0.002155
-0.001961
-5.6e-05
-0.002559
-0.004367
-0.004765
-0.001557
-0.000755
-0.000354
-0.000154
0.003051
0.001347
-0.00166
0.001247
-0.000959
-5.3e-05
-0.002061
-0.004768
-0.00386
-0.000254
-0.000952
0.000451
0.001554
-0.000752
-0.001056
-0.000554
-0.001858
-0.001657
0.000952
-0.002456
-0.000454
-0.000554
-0.001754
-0.00276
-0.001958
0.00015
0.001353
0.001855
0.001353
-0.002055
-0.004163
-0.000254
0.00145
-0.000451
0.000351
0.003155
-0.000154
-0.001253
-0.005965
-0.000764
-0.000965
0.000636
0.003142
0.001438
-0.001065
0.001942
0.000536
-0.000968
-0.000263
-0.001065
-0.002071
-0.001867
0.000836
3.4e-05
-0.002271
-0.003368
-0.003267
0.000539
0.002046
0.002845
-0.000764
-0.000861
-0.002469
-0.003067
-0.002866
-0.000263
0.001544
-0.001363
0.002544
-0.002365
-0.002168
0.001842
0.000439
-0.003668
-0.001466
-0.001566
0.001842
0.000241
-0.003568
-0.002863
-0.001764
-0.002666
-0.002365
-0.002265
-0.004467
-0.002763
-0.00036
-0.003177
-0.000968
-0.000667
0.000937
0.000338
-0.000163
-0.001767
-0.002168
-0.002368
-0.000868
0.000937
0.002641
0.000432
0.00224
0.00094
-0.003775
-0.002472
-0.002669
-0.006478
-0.002772
0.002744
-0.000667
-0.00167
0.002538
0.00244
-0.002268
-0.001867
0.001341
-0.00307
-0.004477
-0.000968
-0.002863
-0.001466
-0.000461
-0.001463
0.002547
3.8e-05
-0.002168
-0.000461
-0.002064
3.8e-05
0.000642
-0.003972
-0.001967
-0.002265
-0.002967
0.000141
-0.001563
-0.001873
0.001833
0.000432
-0.000169
0.001432
-0.001876
0.000232
0.001031
-0.000971
0.000329
0.002835
-0.000573
0.003437
0.001635
-0.002776
0.001134
0.002334
0.00063
-0.00057
-0.000974
0.001836
0.003841
0.001335
0.001234
-0.000771
-0.002876
-0.001071
-0.000373
0.001732
-0.001573
-0.001876
-0.001476
-0.002478
-0.003681
-0.002979
-0.003982
-0.003474
-0.003177
0.000232
0.001839
-0.000172
-0.002976
-0.000768
0.000536
-0.000169
0.000736
-0.000266
-0.000968
0.000824
0.004333
0.001322
0.000721
-0.001081
-0.001883
-0.000279
0.003026
0.001623
-0.001385
0.001222
-0.000783
0.00052
1.9e-05
0.001923
-0.001081
-0.002184
-0.000883
-0.000482
0.001422
0.003728
0.002324
0.003828
0.004333
0.000517
0.002221
0.000116
-0.000586
-0.001689
0.002418
0.00162
-0.000583
0.00032
0.000316
-0.000486
-0.001792
0.002321
-0.000984
0.003524
-0.000686
0.001021
0.002124
-0.000686
-0.001989
0.000119
0.001623
0.003825
0.00593
0.00041
-0.001297
-0.000796
0.000508
-0.001397
0.000307
0.000912
-0.001798
0.000407
0.00422
0.003518
-0.000996
-0.001096
0.003314
0.00141
-0.001701
-0.000191
9e-06
0.00161
0.002011
-0.002196
-0.003205
0.001309
0.002412
-0.000595
-0.000695
0.000307
0.000608
-0.003706
0.000107
0.003214
-0.004004
-0.001996
-0.000692
-0.000395
-0.000796
-0.001695
-0.003302
-0.0025
0.000508
0.000711
-0.000793
0.00011
-0.003299
-0.002597
-0.001698
0.000407
-0.000194
-0.000796
-0.000495
0.001109
0.00151
0.001814
-0.002998
-9.1e-05
0.001109
0.002813
0.000611
0.000511
0.001613
0.001908
0.000204
0.00011
0.00171
-0.001898
-0.001194
0.000908
0.002209
0.001309
-0.004502
-0.002196
0.00161
0.005322
0.000808
-0.003399
0.004618
0.00141
-0.002603
0.000708
0.003715
-0.0011
-0.004207
-0.002099
9e-06
0.001811
-0.001895
-0.001096
-0.000896
-0.000592
0.001914
-0.000592
-9.4e-05
0.00041
-0.002898
-0.002099
-0.0026
0.000122
-0.001983
-0.003186
-0.000774
0.001031
0.001833
-0.001278
-0.002177
0.001231
-0.000874
-0.001579
-0.001078
-0.001078
0.000429
-0.00198
-0.001479
0.003339
0.004138
-0.000172
-0.00037
0.00073
2.8e-05
-0.000674
-0.001876
-0.00037
-0.000269
0.002935
0.002735
-0.00037
0.001031
-0.001576
0.000232
0.001936
-0.00067
0.000128
0.000128
-0.002074
-0.000674
0.002234
-7.2e-05
-0.002879
0.002334
0.000329
0.000332
-0.000771
0.002334
0.004242
-0.000576
-0.000573
0.001031
-0.000774
0.002531
0.00193
0.001331
0.00073
-0.002882
-0.00188
-0.001278
0.002234
-0.002478
-0.00188
0.001732
0.001429
0.001429
0.005404
0.00209
0.004098
0.002393
-0.000213
0.004298
0.004499
0.001795
0.000592
0.002597
0.004201
-0.001419
0.004699
0.003393
0.000285
-0.000517
0.00209
0.002891
-0.000918
-0.000918
-0.000316
0.000887
0.000486
0.001789
0.001187
-0.000116
-0.000216
-0.002021
-0.000116
0.001485
0.000887
-0.001018
0.001187
0.000385
-0.001717
0.000185
0.00219
0.000486
0.001187
-0.000915
0.002293
0.000686
0.000489
0.002594
0.002791
-0.00182
-0.002321
0.000686
-0.001234
-0.00234
-0.001739
0.00468
0.003975
0.003374
0.000564
0.001466
-0.000937
0.000771
-0.003343
-0.000135
-0.000636
0.000764
0.000269
0.004176
0.00167
0.001068
0.004577
0.002976
0.000169
-0.000335
0.00177
-0.000335
0.003076
-0.000235
-0.003145
-0.001742
-0.001638
-0.000736
-0.001939
-0.002838
-0.000135
0.002271
0.002174
0.001068
-0.00214
0.000166
0.004777
0.002071
0.001967
0.003173
0.000965
0.002973
0.001369
-3.8e-05
0.001266
0.003073
0.001516
-0.00099
-0.000185
0.002118
-0.000388
0.000614
0.002118
-0.000188
-0.002494
-0.003496
-0.0051
0.000811
0.00322
0.000414
-0.000188
-0.00089
-0.000586
0.003424
-8.8e-05
0.001215
0.002519
0.000517
-0.000285
0.002923
0.002622
-0.001795
0.001112
-0.000893
-0.000692
-0.00229
-0.00099
-0.001488
-0.000987
-0.001689
-0.001294
-0.001692
0.000617
-0.000188
0.001215
0.004624
0.00021
0.000213
-0.001291
-0.004599
-0.001288
-0.000188
0.004423
0.001416
-0.00192
-0.00032
0.000482
0.001889
0.002491
0.003292
0.000887
0.002387
0.000482
-0.003728
-0.003427
-0.000721
0.000984
0.001689
-0.001425
-0.004329
-0.00443
-0.002324
-0.001623
-0.003227
-0.006431
-0.004527
0.000486
0.003894
-0.000113
0.00109
0.003693
0.002187
0.002387
-0.000316
0.000586
0.000686
-0.000717
-0.000517
0.000586
-0.001021
-0.000219
-0.001219
0.000883
0.001385
-0.001021
-0.003427
-0.00453
0.000285
-0.002024
-0.000116
0.000185
0.003393
0.000868
0.001372
0.000266
-0.000235
-0.001538
-0.003944
-0.004141
-0.000733
0.00047
-0.002541
-3.4e-05
-0.000435
-0.001338
-0.001435
0.001974
-0.001538
-0.000536
0.000968
-0.003343
-0.001736
-3.1e-05
0.00047
0.00037
0.00197
-0.000135
0.000567
0.004176
0.005983
0.000667
0.002171
-0.00214
-0.000235
0.000868
-0.000937
0.000266
-3.4e-05
0.000266
0.001569
-0.000836
-0.004141
0.00067
0.001272
-0.000435
0.000266
0.003374
0.000163
0.001469
0.004577
0.003932
0.002628
0.000824
-0.000877
-0.00088
-0.00078
-0.00068
0.000323
-0.001385
0.002531
0.001726
0.004132
-0.000583
-0.001786
-0.00219
0.001325
0.001729
0.002328
0.005031
0.005532
0.001322
-0.000479
0.001422
0.001923
-0.001482
0.00443
0.001523
-0.001385
0.00062
1.9e-05
0.001723
0.001723
-0.001682
-0.001983
0.002625
-0.000182
0.002926
0.002324
0.002926
0.004229
0.004029
0.002622
0.000821
0.000921
-0.004195
0.002324
0.004226
0.00192
-0.003609
0.001106
0.002209
-0.000899
-0.0014
-0.003202
-0.002202
3e-06
0.001908
-0.001397
-0.001601
0.000705
0.000905
0.001209
-0.000495
-0.004906
-0.001494
0.00021
0.001309
-0.000298
-0.0011
-0.000495
0.001306
0.001006
-0.001096
-0.004004
-9.1e-05
-0.0025
-0.0024
-0.003506
3e-06
3e-06
-0.001701
0.001507
0.003512
-9.7e-05
-0.003506
-0.004408
-0.004101
-0.001294
9e-06
-0.000592
0.000811
0.004922
0.002716
0.001507
0.002412
-0.000294
-0.003336
0.001576
-0.00073
-0.001231
0.001071
0.000169
0.000874
-0.000329
-0.000229
0.000871
-0.000232
-0.001732
0.000373
-0.001833
-0.001331
-0.001435
-0.000533
-0.001632
-0.001732
0.000373
0.001876
0.002174
-3.1e-05
-0.003841
-0.003841
-0.004342
0.000373
0.003177
-0.000128
-0.003537
-0.002638
-0.002531
-0.000326
0.00198
0.001075
0.000172
0.001071
-0.000529
-0.002835
-0.001833
-0.004135
-0.000526
-0.005138
-0.003534
-0.002234
0.002578
0.001779
0.000172
-0.001031
-0.000429
0.000573
-0.001635
-0.003139
-0.002033
-0.001532
-0.001034
0.000871
0.001673
0.001876
-0.000232
-0.002137
-0.003139
-0.001432
0.001779
-0.000529
-0.004436
-0.001028
0.001579
0.004185
0.001776
-0.000432
0.000674
0.002375
0.000269
-0.000633
-0.003239
-0.001635
-0.001231
-0.001328
-0.00073
0.000376
0.002381
-0.003336
-0.002531
0.004085
0.002882
-0.000526
-0.000529
-0.00073
7.2e-05
0.000273
0.001472
-0.002635
-0.000429
-0.00073
-0.003032
0.001569
-0.00084
0.000263
-0.00084
0.002071
-0.00084
-0.00244
0.000968
-0.003145
-0.002444
-0.000937
-0.000539
-0.001742
-0.001441
0.000363
-0.000435
0.000667
0.002873
-0.002343
0.000163
0.002873
-0.000733
-0.000937
0.000567
0.001569
0.002171
-0.001638
-0.001538
-0.001842
-0.001137
0.001369
-0.001942
-0.003847
-0.001541
-0.001742
-0.00234
-0.002337
-0.001939
-0.002942
0.000166
0.000667
-0.000235
0.000567
0.000269
0.002271
0.001272
-0.002137
-0.001638
0.00365
0.000345
-0.000959
0.001748
0.001043
0.000542
0.002243
0.001043
0.00365
0.003252
0.002246
0.001842
-0.002068
-0.004173
-0.000257
0.002848
-0.00026
0.001645
0.001541
-0.000263
-0.000865
-0.002165
0.002547
0.002544
0.003145
-0.001767
0.001441
0.00515
0.001842
0.000639
0.001143
0.001043
-0.001068
0.00084
0.001645
0.001244
0.004549
0.00114
0.002046
0.003443
0.001638
-0.000266
-0.003474
0.001939
0.001541
-0.001369
-0.002268
-6.3e-05
0.00223
0.000824
-0.001482
2.2e-05
-0.001382
-0.004389
-0.00078
2.5e-05
0.001726
0.001021
0.001626
-0.00088
-0.000379
0.001626
0.001927
0.001325
0.001726
2.2e-05
0.001723
0.000222
0.003531
0.002227
0.002328
0.003634
0.004333
0.003531
0.004132
-0.001181
0.001021
0.004229
0.004734
0.001024
0.001826
0.006137
0.001322
0.001021
-0.000883
-0.002791
-0.001485
-0.000981
0.003029
-0.001588
-0.003891
-0.001485
-0.004994
-0.004091
-0.004292
-0.00479
-0.002086
-0.004492
0.004129
0.002227
-0.002083
-0.002785
-0.003787
0.001125
-0.001382
-0.000984
-8.1e-05
0.000222
-0.000883
0.001626
-8.1e-05
-0.001187
-0.005094
-0.003587
-0.003787
-0.002882
-0.00489
-0.000276
0.000523
-0.002688
-0.00088
-0.003186
0.003734
0.000326
-0.000977
-0.000379
0.001325
0.001328
-0.003684
0.000326
0.003029
0.003233
0.000827
-0.001081
0.000125
-0.00188
-0.001281
0.000423
-0.002584
-0.002083
-0.003183
-0.002882
0.000526
-0.001382
-0.001961
-5.3e-05
-0.001059
-0.000959
-0.000959
-0.004361
-0.006265
-0.005564
-0.000551
-0.000554
-0.001858
-0.003058
-0.001958
-0.003261
-0.001548
0.001554
0.001457
-0.00386
-0.001253
-0.002653
5e-05
-0.000752
-0.001851
-0.001454
0.002957
-0.001049
-0.003556
0.000454
-0.001053
0.000752
-0.000852
-0.000752
0.002055
-0.000251
0.001353
0.004661
0.001757
-0.00125
-0.000849
-0.000348
0.002857
0.001958
0.001754
0.002158
-0.002155
0.003759
0.00145
-0.001256
-0.001961
-5.3e-05
-0.001059
-0.000959
-0.000959
-0.004361
-0.006265
-0.005564
-0.000551
-0.000554
-0.001858
-0.003058
-0.001958
-0.003261
-0.001548
0.001554
0.001457
-0.00386
-0.001253
-0.002653
5e-05
-0.000752
-0.001851
-0.001454
0.002957
-0.001049
-0.003556
0.000454
-0.001053
0.000752
-0.000852
-0.000752
0.002055
-0.000251
0.001353
0.004661
0.001757
-0.00125
-0.000849
-0.000348
0.002857
0.001958
0.001754
0.002158
-0.002155
0.003759
0.00145
-0.001256
-0.000742
-0.00094
-0.003245
0.001266
-0.000742
0.001463
-0.000341
-0.000341
-0.002346
0.000861
0.001266
0.002064
6e-05
-0.003249
-0.002644
-0.00104
0.000163
0.004273
0.001162
0.001663
0.001566
-0.000739
-0.000542
6.3e-05
0.00307
0.001764
0.001062
0.00146
-0.000542
0.000661
-0.000442
-0.001544
-0.001745
0.001764
-0.002246
-0.000238
0.001363
-0.00094
0.000962
0.003668
-0.001143
0.004571
0.001262
0.001563
0.001162
0.003271
-0.000241
-0.000742
-0.00052
-0.000724
-0.000423
-0.001325
-0.001024
0.001084
0.001582
0.00078
-0.005933
-0.004229
-0.001125
-0.001923
-0.002528
-0.00062
-0.000219
-0.000523
-0.003932
-0.000523
0.000576
0.00068
-0.001024
0.000576
-0.00203
0.001783
0.001685
-0.001325
0.000981
0.001382
0.001582
0.005395
0.004192
-0.00062
0.001385
0.003888
0.002584
0.000379
0.000179
0.001585
0.001078
0.003784
-0.001429
-0.001328
0.000977
-0.001429
-2.5e-05
-0.001325
0.000476
0.003484
-0.000636
0.001272
0.003177
0.004376
0.00177
-0.001541
-0.000736
-0.001438
-0.004245
0.002171
-0.000335
0.001068
0.000567
-0.003944
-0.002942
0.000868
-0.00244
0.001172
-0.000533
-0.000232
0.002973
0.002074
-0.000432
0.001867
0.001569
-0.000235
0.002572
6.6e-05
6.9e-05
-0.002938
-0.003841
-0.00244
0.001272
-0.002938
0.001169
0.003477
-0.000536
0.001172
0.001573
-0.000934
-0.003944
-0.003944
-0.000636
-0.000536
-0.00234
0.001369
-0.001638
-0.001435
-0.001043
-0.000138
-0.000141
-0.000946
6e-05
-0.002246
-0.001043
-0.001244
-0.000439
-0.001244
-0.001137
-0.000739
-0.003145
-0.00114
0.003274
0.002271
0.000865
0.003975
0.002068
-0.002143
-0.002447
-0.003148
-0.002945
0.001967
-0.001037
-0.001638
-0.004044
-0.00214
-0.00094
-0.002845
-0.000836
-0.002644
-0.000739
6.3e-05
0.003274
-0.000138
-0.001441
-0.00224
0.000163
-0.00094
0.001566
-0.000338
-0.00234
0.002268
0.001466
0.001466
0.001767
0.004477
-0.001535
-0.001736
-0.002137
0.001172
0.002074
0.001573
0.002678
-0.00374
-0.003239
-0.000232
-0.003239
-0.001134
6.9e-05
-0.001331
0.001272
0.000971
-0.000232
-0.002835
-0.004943
0.001773
0.001075
0.001375
0.003778
0.001873
-0.003336
-0.001736
0.001876
-0.001532
-0.002036
-0.000529
-0.001933
-0.001034
-0.001034
-0.001234
-0.002938
-0.002732
-0.002631
-0.001729
-0.005138
-0.001128
-0.001429
-0.00073
0.000273
0.001278
-0.001729
-0.00093
-0.001532
-0.004035
0.001601
-0.002707
0.000799
0.001103
0.0001
-0.001203
-0.001808
0.002303
-0.001206
-0.000905
0.0012
0.000899
0.000899
-0.000705
-0.001607
-0.002309
-0.001388
-0.000188
0.002418
0.003321
0.000818
-0.001588
0.002017
-0.001689
0.000815
0.000514
0.000514
-0.000188
0.002819
0.003321
0.001112
-0.000993
-0.002898
-8.8e-05
-0.001789
1.6e-05
0.001917
0.001115
-0.000288
-0.000288
-0.001591
-0.001388
0.003321
0.002923
-8.8e-05
-0.000893
-0.002798
0.001118
0.001717
0.002218
0.003618
0.00442
-0.000291
-0.000492
-0.000893
-0.001494
-0.00099
0.001413
-0.002296
-0.000789
0.000915
0.003621
0.00322
0.002716
-0.004342
-0.002538
-0.005144
0.001974
-0.000633
-0.002635
-0.00073
0.001673
-2.8e-05
-0.003336
0.00338
0.002475
-0.000529
0.001372
-0.003139
-0.001034
-0.001635
-0.001435
0.001172
0.001375
-0.003339
-0.002835
-0.001435
-0.001836
-0.001435
0.005084
0.000871
0.001175
-0.002337
-3.1e-05
-0.001736
-0.000733
-0.001933
6.9e-05
7.2e-05
-0.000128
-0.001632
0.001776
-0.001535
0.001075
0.002281
0.00067
0.001272
-0.002036
0.000974
-0.000432
-0.002337
0.000373
0.000154
-0.000648
-0.002453
0.001356
-0.001551
-0.003756
-0.000448
0.002559
0.000858
-0.000348
-0.000147
-0.000445
-0.00125
-0.002553
0.000855
0.000755
0.00136
0.000554
0.002459
0.002459
0.00146
0.002663
-0.002149
5.6e-05
0.001156
-0.000348
0.003762
0.000154
-0.001049
0.003264
0.001858
0.002657
-0.002957
0.00015
-0.004962
-0.001952
0.00266
0.002061
0.003562
0.002356
-0.00296
-0.001153
0.002058
0.003963
0.001654
0.001955
0.000752
0.002757
0.001209
0.000407
0.001707
0.002813
0.001209
0.002309
-0.000796
-0.0014
-0.000598
-0.000799
0.001908
-0.000799
-0.002503
0.001607
0.004317
-0.001801
0.000404
-0.000197
-0.0014
0.00281
0.000705
0.003214
0.000705
0.002509
0.003114
0.001704
0.000501
0.003308
0.002606
0.00281
-0.000398
-0.001504
-0.001403
-0.003208
0.003105
0.0002
0.0002
0.003609
0.002606
3e-06
-0.001905
-0.001103
0.000601
0.004715
-0.000598
0.003311
0.003405
-0.0002
-0.001247
-0.001447
5.3e-05
-0.001049
0.000457
-0.000345
-0.003252
-0.000648
0.003261
0.002262
5.6e-05
-0.004658
0.000354
-0.000147
0.000758
0.000658
-0.005056
-0.003853
-0.002246
0.001761
-0.001845
-0.007359
-0.001945
0.00016
-0.000241
-0.002647
-0.003249
-0.002246
-0.002851
-0.000943
-0.000442
0.000457
-0.001645
-0.002043
-0.00114
0.000461
0.000263
-0.002447
-0.003549
-0.004051
-0.000846
-0.001945
0.004273
0.003368
-0.001642
-0.00084
0.001967
0.00026
0.001817
-0.00119
-0.000586
0.003023
0.001516
0.000414
-0.001992
-0.002995
-0.000388
-0.001892
-0.001284
0.001419
-0.000686
-0.001388
-0.002691
-0.000887
0.002823
0.002722
0.002926
0.001219
0.001519
-0.001488
-0.001792
0.002318
0.002218
0.001215
-0.002691
-0.003095
0.001519
0.000116
-0.003697
-0.003192
-0.001786
-0.002891
0.000417
0.001018
0.002425
0.002221
0.000517
-0.000382
-0.004091
-0.001986
1.9e-05
-0.000583
-0.001786
-0.000887
0.002422
-0.001685
0.000887
8.8e-05
-0.003224
-0.003023
-0.002418
-0.002616
-0.001516
-0.000514
0.000388
0.00089
0.001291
-0.002017
-0.004123
-0.001616
-0.000511
-0.00041
0.000288
0.000489
-0.00011
0.004101
0.003299
0.000489
0.002995
-0.001118
-0.001219
-0.001817
-0.001015
-0.001316
0.003095
-0.00021
0.000191
0.000589
0.001989
0.000689
0.001992
0.006303
8.8e-05
-0.000316
0.000987
-0.002321
-0.000818
-0.003023
0.000185
0.004195
0.000987
0.000486
0.000188
-0.003625
5.3e-05
-5e-05
0.001454
-0.002456
-0.000749
0.001253
0.001751
0.001153
0.001353
-0.001454
-0.003662
-0.004561
-0.005062
-0.001952
-0.001952
-0.002553
0.001156
0.001557
-0.001955
-0.000448
-4.7e-05
0.000254
0.000755
0.002359
0.001156
-0.00135
-0.002553
-0.000351
-0.002456
0.001754
0.00276
-0.001049
-0.002155
-0.002055
-0.000354
-0.003662
-0.001551
-0.000852
0.001757
0.001253
0.002256
-5e-05
-0.002055
5e-05
-0.001053
0.001955
0.00416
-0.000251
0.000523
0.000623
0.002431
0.000924
0.000623
0.00213
-7.5e-05
-0.000376
0.001826
0.000924
0.000122
-0.000279
0.005135
0.000721
-0.000984
0.000623
0.00032
1.9e-05
-0.000182
0.00032
0.003527
0.003427
0.004132
-0.003791
-0.000683
0.001422
0.002425
0.002024
0.003026
0.000721
0.001923
0.00042
-0.000182
0.00052
0.001823
0.001823
0.000417
0.002625
0.003828
0.000821
0.00042
0.004029
0.00192
-0.001288
-0.000382
0.000717
0.000116
-0.000182
0.001422
0.001623
2.2e-05
-0.001682
-0.002888
-0.001184
0.002929
0.001923
0.003324
0.003227
0.000122
-0.000981
0.001626
0.002729
-0.001983
0.000222
0.000724
-0.002785
-0.001685
0.00333
0.002328
0.00062
-0.001184
0.001225
0.001024
-0.00339
-0.005294
-0.00369
-0.004994
0.002224
0.001523
-0.00058
-0.000182
0.004533
0.001726
-0.003888
-7.8e-05
-0.002584
1.9e-05
-0.001382
-0.003286
0.002127
-0.00068
0.000119
-0.000683
-0.001385
0.001927
-0.002187
-0.001983
0.000423
0.001328
0.001028
-0.001682
-0.00058
0.001024
0.002027
0.005235
0.00052
-0.001485
0.001122
0.002124
0.00032
-0.001986
-0.000182
0.001823
-0.00068
-0.000981
0.001024
0.000924
-0.001385
0.003527
0.000219
-0.001385
0.000721
-0.000282
-0.000479
-0.001485
-0.000981
-0.003787
-0.004088
-0.00058
-0.000981
0.000724
0.001626
-0.001382
0.003032
0.000426
-0.000376
-0.002785
-0.005288
0.002929
0.000423
-0.000279
0.000827
-0.000376
0.000326
0.000119
0.003928
0.004229
0.001316
0.001413
-0.000486
0.000216
-0.002995
-0.000586
0.002722
0.002722
-0.001889
-0.000692
-0.001391
-8.5e-05
0.00302
0.00182
-0.003195
-0.00119
0.001215
0.004123
0.00302
-0.002594
0.003421
0.002619
-0.00089
-0.000686
0.000514
-0.000388
0.002622
-0.000887
0.001319
0.000113
1.3e-05
0.002318
0.00182
-0.000185
-0.00099
-0.001288
0.00192
-0.002293
-0.001792
-0.002494
-0.001792
0.000714
0.001516
-0.000288
-0.002491
0.001714
-0.000589
0.000815
-0.001291
-0.001591
9e-06
0.000711
-0.001093
-0.002293
-0.001194
-0.000692
0.000811
0.001413
-0.001895
-0.001294
0.00031
0.000611
0.00322
0.000714
-0.00089
-0.000191
0.003321
0.003217
0.003117
-0.000191
0.00011
0.000915
0.003719
-0.001297
-0.001096
-0.003299
-0.0039
-0.004098
0.000414
0.001313
-0.001491
-9.1e-05
-0.000993
0.00011
0.002415
0.002619
0.000614
0.001416
0.002719
-0.002296
-0.001595
-0.002397
-0.000191
0.001917
1.3e-05
0.00011
0.001717
-0.001194
-0.000188
-0.002697
-0.000589
0.001717
0.001413
0.001012
0.001316
-0.001491
-0.001595
-0.001394
-0.001895
-0.000793
0.00031
0.000811
-0.001394
-0.001394
-0.002196
-0.003199
-0.003596
0.002318
0.001112
0.000714
0.001112
-0.001294
-0.002697
-9.1e-05
0.002917
-0.000191
0.001814
0.001714
-0.003997
-0.00089
-9.1e-05
0.00021
0.001914
0.001914
0.00021
-0.002998
0.00292
0.002315
-0.000191
-0.000291
-0.000993
0.002807
0.003004
0.002102
0.002506
-0.000702
-0.002807
0.002105
0.001403
0.000404
0.000204
0.002205
0.003205
0.004508
0.004809
0.002403
9.7e-05
0.000699
0.001905
0.002707
0.002704
-0.001403
-0.001707
0.003405
0.003205
-0.000504
-0.00291
9.7e-05
0.002002
0.003703
-0.002011
0.003001
0.000194
0.0011
0.000395
0.000796
-0.002412
-0.002209
0.000695
0.001701
0.003001
0.000395
0.000298
0.002199
-0.002309
-0.00261
0.000294
0.004207
-0.001309
0.00058
-0.000122
-0.000219
0.003587
-0.000526
-0.005736
-0.002027
-0.000924
-0.001322
-0.00052
0.002086
0.000279
-0.000724
-0.001723
0.001585
0.002985
0.00078
-0.002628
0.002785
-0.002024
-0.001626
0.001184
-0.000821
0.001685
-0.001325
-0.002826
-0.002625
-2.5e-05
0.001883
-0.000824
0.000482
0.000482
-2.2e-05
-0.001024
-0.001125
-0.000824
7.8e-05
-0.003831
0.002985
0.004091
0.002287
0.000179
-0.002328
0.001281
0.000683
0.000984
-0.000824
-0.000824
0.000367
-0.00344
0.000169
0.00057
-0.002036
-0.001131
-0.00244
-0.001538
0.000868
-0.000332
-0.000432
0.001269
-0.001836
-0.004242
-0.001635
-0.000736
-0.005846
-0.002838
0.000172
-0.001331
-0.002334
-0.003339
-0.000529
-0.002033
-0.001532
-0.003437
-0.00063
-0.002033
-0.002635
-0.000332
-0.000934
-0.003036
-0.001031
-0.001535
-0.003935
-0.001131
-0.001933
-0.003634
-0.004636
-0.004439
-0.00193
0.001378
-0.001933
-0.002631
-0.001125
-0.001125
-0.001024
-0.001826
-0.002541
-0.003841
-0.005946
-0.002832
-0.004339
-0.003537
-0.001131
-0.004837
-0.001128
-0.000125
-0.001231
0.000977
7.2e-05
0.000276
-0.001833
-0.001833
0.000774
0.000373
-0.001131
-0.002033
-0.003437
-0.000627
-0.001526
0.002184
0.002083
-0.00093
0.003781
0.001275
0.000576
0.000674
0.001776
0.003681
0.002177
-0.001432
-0.000429
0.000473
0.00057
0.002274
0.003781
-0.00063
-2.8e-05
-0.001331
0.002277
0.00338
0.001278
0.002682
0.003277
0.000974
-0.000335
-0.003242
-0.003042
-0.003245
-0.002343
-0.001438
-0.002942
-0.000235
-0.001839
-0.003643
-0.003443
-0.001939
-0.000332
-0.002541
0.002171
0.002371
0.001569
0.00187
0.001767
-0.000435
0.003675
0.001068
0.001767
0.00177
0.000367
0.00588
0.003972
0.003468
0.002068
0.002368
0.003668
0.000865
0.004073
0.007681
0.006372
0.002165
-4.1e-05
0.001563
0.000861
0.004568
0.000561
0.005673
0.001861
0.003061
0.003064
0.002663
0.007775
0.001262
0.001338
-0.000266
0.000836
0.001037
-0.00187
0.00244
-0.00197
0.000435
0.001839
0.002541
0.003145
0.001338
-0.00167
0.000937
0.00114
0.002337
0.00464
0.002437
0.001034
-0.000269
-0.000169
-6.9e-05
0.002738
0.000934
0.000934
0.001438
0.002641
0.00615
0.00474
0.003634
0.001328
0.001031
0.003437
0.003838
0.003236
0.003239
0.001736
-0.002478
-0.002678
0.001231
0.003838
0.004539
0.005238
0.002431
-0.001579
0.00193
0.002033
0.000229
0.000222
-0.002287
-0.000279
0.000821
0.002328
-0.002885
-0.00088
0.000724
0.00052
-0.001883
-0.005692
-0.002989
-0.001081
0.001328
-0.001178
0.000623
-0.000977
-0.001679
-0.001983
-0.002882
-0.001081
-0.003784
0.002932
0.003932
0.001927
0.000727
0.000222
-0.00058
-0.002685
0.000323
-0.001382
0.000623
-0.001482
-0.003383
-0.00058
-0.000279
-0.000677
-0.000175
-7.5e-05
0.000323
-0.001081
0.001325
0.001526
0.002331
0.001927
-0.00058
0.001128
-0.000476
-0.002782
-0.002174
-0.002876
-0.000774
-0.001375
-0.001476
-0.000473
-0.001476
-0.002979
-0.003881
-0.000273
0.001231
-7.2e-05
-0.002274
-0.000169
-0.00057
0.00088
0.001181
0.003286
0.004483
0.000777
-0.001328
0.002882
0.00198
-0.001128
0.003283
0.005088
0.002982
0.004085
0.003988
0.000373
0.003484
0.001375
0.001275
-0.00193
-0.001331
-2.8e-05
0.00328
0.002879
0.005388
-0.000128
-0.001128
0.001579
0.001078
0.000175
-0.002935
-0.000128
0.000974
-0.000526
-0.000827
0.001275
-2.5e-05
-0.00073
-0.002835
0.000172
-2.8e-05
0.001275
0.000774
0.000273
-0.00063
-0.003534
0.001679
0.00218
-0.000128
0.006563
0.006059
0.001347
-0.000561
0.002747
0.003346
-0.000661
-0.001262
-0.001162
-0.002362
-0.003368
-0.000861
-0.004671
-0.001356
0.001751
-0.000855
0.001848
0.004151
0.001845
0.001444
0.002647
-0.000661
0.00245
0.000345
-0.003769
-0.002462
-0.001663
-0.003365
0.000341
0.001143
0.002146
0.000141
0.00656
0.002246
-0.002866
-0.001363
-0.002265
0.002346
0.000742
0.001143
4.1e-05
0.000442
0.000341
-0.003468
-0.001162
0.004151
0.001043
0.001748
0.00145
-0.000257
0.000247
0.001347
0.004354
0.005658
0.001748
-0.001256
-0.000454
-0.000554
0.002249
0.003252
0.000445
0.000645
0.001748
0.001244
0.001745
0.00676
0.004354
0.002346
-0.00156
0.000642
0.002948
0.002346
0.002647
0.003553
0.001544
-6e-05
0.001642
-0.001663
0.002246
0.001043
-0.001767
0.001945
0.000439
0.00104
0.000739
0.001341
-0.00307
-0.001463
0.000639
-0.003872
-6e-05
-0.000861
-0.002368
-0.00026
-0.001663
0.000542
-0.002274
0.000132
0.003136
0.00063
0.00073
0.002735
0.000526
0.00063
0.000733
-0.000774
0.001736
-0.002675
-0.001175
-0.001175
0.001131
0.002036
0.003136
0.004339
0.006845
-0.000276
-0.000777
-0.000774
-0.001278
0.003834
0.002832
0.002431
-0.000273
-0.000877
-0.002779
0.001228
0.000125
0.001632
-0.001275
0.001933
0.001532
-0.00348
-0.000677
-0.001378
-0.000874
-0.002378
-0.001078
0.001629
-0.000677
0.000827
-0.001476
-0.001275
-0.002478
-0.001472
0.000724
0.000122
0.00193
-0.000576
0.000426
0.00183
0.00203
0.002528
-0.000379
0.000727
0.004132
0.00343
-0.00058
-7.8e-05
-0.001479
-0.001178
-0.003885
-0.00198
0.000526
0.000125
-0.001779
-0.001883
-0.001181
-7.8e-05
0.001425
0.000426
-0.003784
-0.003283
-0.001977
-0.000774
-0.002281
-0.000376
0.00223
0.003333
0.00093
-0.000677
-0.00328
-0.00198
0.000125
-0.003079
-0.001576
-0.000774
0.002033
0.000827
0.002431
-0.000273
-0.002378
-7.2e-05
0.000818
0.002819
-8.8e-05
0.003521
0.002519
-0.00089
-0.000288
0.00021
-0.000285
-0.002694
-0.000887
-0.001992
0.000514
0.002021
0.000414
0.002622
0.003524
0.000617
0.00182
0.000915
0.000617
0.002422
-0.001692
0.002519
-0.001692
0.001219
0.001623
-0.001889
0.000617
0.000116
0.001115
-0.003596
-0.005401
0.000313
-0.000285
-0.001588
-0.000686
-0.00239
-0.003593
-0.002694
-0.004198
-0.000188
0.001616
0.004026
0.002021
0.000717
-0.001792
-7.2e-05
0.003023
-0.000686
0.001322
0.000918
-0.000385
0.002124
0.00192
0.001416
0.000113
0.001215
-0.001591
-0.000489
0.006231
-0.001187
0.001018
0.004123
0.002318
0.002118
0.007233
0.003224
-0.001692
0.001215
0.00312
0.001112
0.000511
-0.001996
0.001914
0.002315
0.002218
-0.000789
-0.000388
-0.001792
-0.000392
0.003819
0.000915
0.000614
-0.000188
-0.000492
0.000514
-0.000288
-0.000789
0.001313
-0.001695
-9.1e-05
0.001616
-0.002494
-0.007409
-0.006306
-0.001826
-0.001629
-0.001024
0.001682
0.001181
0.001779
-0.00213
-0.001529
0.001582
0.000777
-0.001328
-0.002732
-0.00313
0.00058
0.001783
-0.001425
-0.002127
0.001081
-0.000824
0.00088
0.001084
-0.000721
0.001786
0.001482
0.001081
0.002685
0.002682
-0.000724
0.001783
0.002982
0.003186
0.001078
0.000476
-0.001231
0.000576
0.003383
0.002581
0.001582
0.00058
0.000777
0.003985
-0.001228
0.001579
0.001876
0.002776
0.001776
7.2e-05
0.002876
-0.000254
-0.002158
0.002152
-0.001059
-0.003161
0.002252
-0.000855
-0.001654
4.7e-05
-0.002663
-0.000357
-0.001657
-0.002256
-0.00286
-0.000251
-0.001554
-0.00426
0.00015
-0.003258
-0.003455
0.000251
-0.000251
-0.002559
-0.004564
-0.000852
0.000354
-0.003058
-0.003358
0.000351
-0.003759
-0.006666
-0.005861
-0.00386
-0.001046
0.000354
0.001059
-0.00235
0.000755
-0.000645
0.003261
0.000655
0.000655
-0.000949
-5e-05
0.001855
-0.000448
0.000755
-0.004464
0.001642
0.001441
-0.001269
-0.002672
-0.003271
-0.002572
0.001544
-0.002766
-0.002566
-0.002068
-0.005075
-0.000764
-0.00317
-0.003872
0.002447
0.000141
0.000238
-6.3e-05
-0.004273
-0.002365
-0.000761
0.001344
0.000542
0.000639
0.00094
0.000241
-0.002569
0.000639
0.000539
3.4e-05
-0.000166
-0.004373
-0.003668
-0.005473
-0.000858
0.000144
-0.001663
-0.000257
-0.001259
-0.000457
0.002249
0.003048
0.000943
-0.000661
-0.000558
-0.001159
-0.002863
-0.000758
-0.000877
-0.000877
-0.000977
-0.003684
-0.001576
-0.001779
-0.001175
0.000827
-0.002077
-7.2e-05
-0.00067
0.000934
-0.001078
-0.000871
0.001335
-0.002375
-0.002375
0.000128
-0.000172
-0.000573
-0.002174
-0.001372
-0.002174
-0.000373
0.001435
-0.004079
-0.001075
2.8e-05
0.001736
-0.001071
-0.000269
-0.000172
-0.002375
-0.003678
-0.00057
-0.001175
-0.004383
-0.003775
0.000435
-0.00197
-0.00598
-0.002873
-0.000868
3.1e-05
-0.003076
-0.003073
-0.00187
0.000934
0.00062
0.000921
0.001024
-7.8e-05
-0.000479
0.000423
0.000921
0.000423
-0.001983
-0.000182
-0.000285
-0.001084
0.000921
0.00042
-0.003587
-0.000683
-0.003292
0.000119
0.00032
-0.002888
-0.000583
0.001322
0.002425
-0.000379
-0.000683
-0.002788
-0.001986
0.000824
0.000821
0.000219
0.000821
-0.001081
-0.001281
-0.00078
-0.003386
-0.001579
0.003029
0.001425
0.003631
0.00453
0.000119
0.001723
0.00032
0.000222
0.001823
0.002725
-0.000583
0.000934
-0.000294
-0.001601
-0.004207
0.001908
0.002008
0.004013
0.000304
0.000207
0.002512
-0.000495
0.000107
-0.000194
0.003512
0.002409
-0.001002
0.003412
0.000501
0.000404
0.001604
-0.002105
-0.000501
-0.000301
-0.001801
0.000404
-0.000699
-0.001801
0.000301
-0.001704
-0.003402
-0.001096
0.002008
0.001607
0.003211
-0.000702
-0.002105
-0.002002
-0.001902
-0.000595
0.001607
-0.001698
-0.003502
-0.002002
0.000605
-0.000498
0.000905
0.003412
-0.002002
0.000404
0.000194
-0.003415
-0.000702
0.002603
0.001303
0.0011
0.004405
0.0026
-0.000307
0.005207
0.002704
0.001798
-0.000107
-0.001908
-0.001607
-0.001911
-0.005116
-0.001209
0.001297
-0.000908
0.000595
-0.000107
-0.000107
-6e-06
0.001598
-0.005019
0.001096
9.7e-05
-0.002108
0.000695
0.000197
0.0012
0.001297
0.002303
0.0012
0.001501
0.004207
0.002199
0.001798
-0.001109
-0.00161
-0.001309
-0.004614
-0.001507
-0.004918
-0.002813
0.000398
-0.003512
-0.002719
-0.001215
0.002891
0.00099
-0.003621
0.00119
0.00099
-0.000818
-0.000316
-0.001118
0.002895
0.002591
0.000385
0.001087
0.000385
-0.001523
-0.000614
-0.002725
-0.002121
-0.000417
0.001187
-0.002017
0.00099
0.002691
0.001892
-0.000417
-0.002017
-0.001215
0.002594
0.003897
0.000786
-0.00162
-0.001616
-0.004026
0.000489
-0.000216
-0.003524
0.001591
-0.002516
-0.001516
-0.000915
-0.004026
-0.001917
-0.004223
-0.000717
-0.000213
-0.000915
-0.002418
0.000887
0.002494
0.001989
0.000388
-0.003725
-0.002218
-0.000313
-0.005128
-0.002118
-0.001319
0.00209
0.003092
-0.002619
-0.002823
-0.000517
-0.000918
-0.002021
-0.00302
-0.000313
0.000893
-0.003017
-0.001215
0.001391
0.00099
0.001491
0.002794
-0.000213
0.002393
-0.001519
-0.001015
-0.000915
-0.00172
0.002594
0.000489
0.000188
0.000388
0.001291
-0.000717
-0.000811
-0.001015
0.001892
-0.000614
0.004098
0.004893
-0.000617
0.001789
0.003794
0.002491
-0.000717
-0.000918
-0.001419
-0.000116
8.8e-05
0.001491
0.001388
-0.000213
0.001391
0.003399
-0.001118
0.001588
0.00239
0.000789
0.002891
0.001886
-0.003327
-0.00322
-0.001319
-0.00162
-0.005128
-0.003321
0.003399
0.003997
-0.000717
0.0049
0.001989
-0.000918
-0.000116
-0.002221
0.001892
-0.002418
-0.004123
-0.00322
-0.002422
0.001588
0.000686
-0.000717
-0.000116
0.001889
0.002895
0.002491
0.000586
-0.000517
-0.001021
0.000285
0.000185
-0.002522
-0.000144
-0.001745
0.000758
0.002964
-0.000843
0.003064
0.000758
0.001159
0.000457
-0.000949
0.000755
-0.000749
-0.00145
-0.001447
0.002165
0.001259
-0.000448
0.000655
0.001557
0.000755
-0.000648
0.00166
0.000457
-4.7e-05
-0.000244
-0.001548
0.001761
0.002058
0.001457
0.00266
0.000457
0.001861
-0.000648
-0.004257
-0.000946
0.000357
-0.001748
-0.001551
-0.000147
-0.001447
0.001958
0.000357
-0.002252
0.000254
0.003762
-0.000746
-4.7e-05
-0.002522
-0.000949
-0.002453
0.000858
-0.002854
-0.000247
0.004665
0.000852
-0.00015
0.003358
0.004965
0.003058
-0.000852
-0.003358
-0.000652
-0.000749
-0.001454
0.000147
0.003158
0.004157
0.004063
-0.000147
0.000154
0.004464
0.000655
0.002857
-0.002957
0.000251
0.005968
0.003455
0.003756
0.000849
0.00135
0.000849
-0.002158
-0.001356
0.003556
4.7e-05
0.00135
0.001053
0.000648
0.001851
0.001049
0.003556
0.002653
0.000946
-0.000658
0.000345
0.002249
0.001438
0.000435
-0.000965
-0.000467
-0.004376
-0.004373
-0.00307
-0.000461
0.002447
0.000536
0.001338
0.000536
0.002039
0.001341
0.001241
3.4e-05
3.4e-05
-0.002472
-0.00187
-0.001269
0.000135
-0.001269
0.000836
0.002938
-0.000667
-0.005379
-0.002268
0.002039
0.003045
-0.000865
0.001942
0.003646
0.00214
-0.001169
0.004947
0.001739
0.001939
0.002043
0.001739
0.00214
-0.00177
-0.000868
0.000435
0.001338
0.000135
-0.001369
0.001842
0.00224
0.00084
-0.001463
0.000439
-0.001262
-0.001065
0.00084
-0.000861
-0.003468
-0.000965
0.002945
0.003546
-0.000467
-0.000664
-0.001867
-0.001864
-0.001767
0.001742
0.000636
-0.00287
-0.000962
0.000238
-0.000163
0.00114
0.002346
0.002346
-0.002064
-0.00016
-0.000464
-0.000461
0.002945
-0.00287
0.001244
0.001845
0.002845
-6e-05
-0.002168
0.000442
-0.001663
-0.001065
-0.000661
0.000241
0.001645
0.002747
-0.000263
0.002243
-0.000363
-0.00317
-0.002064
0.000442
-0.001062
-0.001262
-0.002569
0.000843
0.001648
0.001344
-0.000461
-0.000564
-0.001162
0.000846
0.000846
-0.002165
-0.002863
-0.000858
-0.001162
0.000861
-4.1e-05
-0.000244
-4.4e-05
-0.002149
-0.000345
0.00437
0.00036
-0.001244
0.000761
-0.001347
0.001259
-0.003252
-0.000943
0.003565
0.00156
0.000357
0.001056
-0.002249
0.000357
-0.000946
0.002262
0.002462
-0.002049
0.000658
-0.001143
-0.000244
0.001262
0.003264
0.003167
0.001159
0.003064
0.002559
0.002559
0.001563
0.000357
0.000354
-0.000348
-0.002754
-0.003054
0.000755
-0.002252
-0.001748
0.000157
0.002061
-0.002951
-0.003853
-0.000345
0.001842
0.000542
-0.003371
-0.000263
-0.000263
-0.000464
0.001642
0.000338
0.003346
0.003042
-0.000464
0.002744
-0.000266
-0.000166
3.4e-05
0.000836
0.00114
0.003947
0.003142
0.001241
0.000937
-6.6e-05
-0.002973
-0.000464
0.000238
-0.000367
0.003844
0.001037
-0.002274
0.000836
0.003242
0.000235
0.003546
0.001441
-0.001169
0.000138
0.001742
0.001438
0.001438
0.002838
0.00354
0.000132
-0.000266
-0.002271
-0.003675
-0.00047
0.000132
-0.001573
-0.00411
-0.000899
-0.001203
0.0001
-0.002102
-0.001403
-0.003305
-0.000398
0.001908
-0.000498
0.000204
0.003111
-9.7e-05
0.000601
0.000204
-0.002202
0.000504
0.002205
-0.002704
-0.000699
-0.002105
-0.000598
-0.001601
-0.003606
-0.000695
-0.000298
-0.000294
-0.001197
-0.002099
-0.001798
0.000204
-0.000194
0.001309
0.000107
-0.001798
-0.000896
-0.000495
0.002412
-0.002299
-0.002099
-0.001297
-0.000392
0.000307
-0.001898
-0.001297
-0.000197
-0.000495
-0.002099
0.000771
0.002575
0.001977
0.004483
-0.000229
0.00047
-0.000529
-0.00083
-0.000533
-0.001435
-0.004141
0.002675
0.003778
0.000269
-0.002434
-0.001331
0.001476
0.001476
0.000774
0.001977
0.001773
0.002077
-3.1e-05
0.000667
-0.001638
-0.001933
-0.004242
-0.001632
-0.003339
-0.002033
-0.004339
0.000473
0.000971
-0.002033
-0.000232
0.000971
-0.003139
0.001275
-0.00063
-0.001836
-0.000332
-0.004542
-0.005141
-0.003236
-0.00093
-0.00193
0.000874
0.004085
0.003045
3.8e-05
0.002948
-0.001062
-0.001262
-0.001165
-0.004273
0.000642
-0.002365
0.001043
-0.002064
-0.004264
0.001046
-0.000658
-0.001964
0.003148
-0.001262
-6e-05
0.001244
-0.00016
0.000846
-0.000558
-0.001864
-0.000962
0.000742
-0.000658
-0.001761
0.000545
-0.000457
-0.000561
-0.001162
0.000144
-0.00036
-0.002061
-0.000457
0.001949
-0.00016
-0.000962
-0.002462
-0.001159
-0.001162
0.003753
0.001147
0.001244
-0.001159
-0.002165
0.000144
-0.000257
0.002807
0.002105
-0.000398
0.002005
0.002306
0.006616
0.00261
0.000304
0.004815
-0.001507
-0.000504
0.000401
0.001501
0.000799
-0.001908
0.0011
0.001801
0.000799
-0.000103
-0.002205
-0.000304
0.004107
0.001902
0.000799
0.003506
0.004207
0.000498
0.002002
0.0013
0.002303
-0.000204
0.001905
0.003405
0.001598
0.000495
9.4e-05
0.000197
-0.000304
0.004708
0.003502
0.003105
0.0013
0.000194
0.000398
0.0024
0.004007
0.004207
-0.000912
0.000789
-0.000213
0.000288
0.003496
0.002594
-0.00041
0.000692
0.001695
8.8e-05
0.003095
0.004799
0.000489
0.002393
0.000987
0.001087
0.002992
0.000987
0.000285
-0.001319
8.5e-05
0.001588
0.00209
-0.000818
-0.000517
0.000586
0.002992
0.001585
0.001588
0.001892
0.00219
0.001284
0.005094
0.002591
0.002992
-0.000721
0.000883
0.00209
0.004896
0.003189
-0.001422
-0.00032
0.001789
0.003089
-0.000423
-0.000623
8.1e-05
0.000686
-0.000912
0.000858
0.00286
-0.002453
0.001356
0.000457
0.000959
-0.000147
0.000554
0.000354
-0.000247
-0.000244
-0.001447
0.000157
0.003365
-0.00125
-0.003856
-0.00255
0.002162
0.003064
0.002158
-0.000445
-0.000749
-0.001147
-0.001046
0.000655
-0.002052
-0.002249
-0.002149
-0.003653
-0.002447
-0.001143
0.00036
-0.002951
-0.000341
-0.003249
0.000962
0.003064
0.001861
-0.002848
-0.002246
-0.001544
-0.002951
-0.001845
0.000962
5.6e-05
-0.000642
0.000357
0.003067
0.001134
-0.001172
0.003844
-6.6e-05
0.000633
0.001237
0.003039
0.00374
0.001836
0.004746
0.001736
2.8e-05
0.002732
0.001432
-0.001676
-6.9e-05
0.001234
0.001532
0.003838
-0.00037
-0.002274
-0.002378
-0.002281
0.002331
0.003233
0.002735
0.002234
0.000128
0.000432
0.002331
0.00083
-0.002979
-6.9e-05
0.002738
0.004235
0.003932
0.004536
0.00223
0.00193
-0.001479
0.001933
0.002832
0.000827
0.000226
-0.002077
-0.000276
0.007042
0.003032
-0.001288
-0.000686
0.001419
0.002422
0.00192
-0.00109
0.000714
0.001817
0.001717
0.000918
-0.001391
-0.000887
-0.002093
-0.002093
-8.8e-05
-0.000689
-0.001491
0.000113
0.000514
0.002017
-0.002193
0.001419
-0.002594
0.001115
0.001917
0.002819
0.003424
-0.000388
0.002118
0.00302
-0.001491
-0.000188
-0.001291
-0.001992
0.001717
0.000714
-0.001692
-0.003195
0.001717
0.004925
0.001917
0.000815
0.00312
0.003224
0.001817
0.002218
-0.00089
0.003032
0.000492
0.00089
-0.002014
0.001394
0.001494
0.000492
-1.3e-05
0.000392
0.002697
0.001892
0.004
0.002196
0.002397
0.002895
0.001087
0.000589
-0.001917
0.000689
0.003599
0.003496
0.004201
-0.001115
-0.000617
-0.002415
0.001194
0.004799
0.004195
0.001388
0.001187
-0.001519
-0.000617
0.003493
-0.001215
0.000188
-0.00302
-0.001215
0.001491
0.000486
0.00229
0.002594
0.001889
-0.000517
0.002992
0.00229
-0.000216
0.000486
0.001187
-0.000116
-0.000107
0.002299
0.004204
0.002296
-0.000407
0.001698
0.004104
0.002096
0.0037
0.000893
0.001895
0.001595
0.002901
0.004301
0.003402
0.0038
0.000692
0.001895
0.003292
0.002694
0.000392
0.005802
0.005601
0.002597
0.001792
0.000689
0.000993
0.004
0.000589
0.004495
0.003693
0.00109
0.000285
0.001385
-0.000717
0.001087
0.003794
0.001889
-0.000514
-0.000313
0.002591
0.003593
0.001385
-0.000721
0.004492
0.005595
0.001284
0.002891
0.002362
-0.00395
0.001864
0.001259
0.004267
0.000357
0.00016
-0.001848
-0.00365
-0.002049
-0.000442
-0.000742
-0.000746
-0.002747
-0.000345
0.000858
0.000658
0.001259
-0.000545
-0.001945
0.000959
-4.1e-05
-0.004752
-0.00084
-0.003449
-0.002544
0.001162
-0.000545
0.000764
0.002168
-0.000742
-0.000341
-0.001942
-0.001742
-0.002744
-0.000338
0.000363
-0.002644
0.00317
0.000764
-0.003048
-0.000338
0.000263
-0.00104
0.000263
0.00036
-0.000141
0.002891
-0.002218
-0.001519
-1.3e-05
0.001989
-0.001018
0.003092
-0.00162
0.00109
0.003493
-0.001623
0.001588
-0.001823
0.002992
-0.00162
-0.000617
0.004094
-0.000417
0.003396
0.000786
0.000583
0.001485
0.000583
0.001084
0.001284
0.000984
-0.000717
0.000385
-0.001018
-0.005426
-0.000617
0.000887
8.5e-05
0.001184
0.00229
0.001789
0.000987
8.1e-05
-0.003224
-0.00192
-0.004226
-0.003725
-0.002522
-0.002719
-1.3e-05
-0.001917
-0.001616
-0.002118
-0.000714
0.00114
-0.001663
0.00094
0.003449
0.001444
-0.001667
-0.002967
-0.00016
-0.00016
-0.003271
-0.003267
0.001043
-0.001262
-0.002566
-0.002866
-0.002465
-0.001162
-0.001062
-0.002967
-0.001867
-0.002265
-0.00166
-0.004568
-0.002462
-0.000658
-0.001059
0.000742
-0.001363
-0.000257
-0.002465
0.000445
-0.002666
-0.003866
-0.002763
-0.002465
-0.004564
-0.004765
-0.002559
-0.003061
-0.003061
-0.000558
-5.3e-05
-0.004568
-0.000858
-0.004264
-0.003358
-0.000652
-0.00416
-0.000482
0.003728
0.003427
-8.1e-05
-0.001986
0.000921
-0.002083
0.001422
0.000119
0.001723
0.001626
0.000921
0.005332
0.001923
0.002722
0.003224
0.003126
-0.001385
-0.00229
-0.000385
0.000721
0.00182
0.000918
0.002224
0.001419
-0.002086
-0.000686
-0.001288
-0.007603
-0.006096
-0.001679
-0.003687
-0.00499
-0.000981
-0.002481
-0.002184
-0.003086
-0.002083
-0.00188
0.000423
0.002631
-0.005391
-0.004386
-0.002581
-0.001679
-0.005191
-0.009201
-0.005388
-0.001873
-0.002071
-0.003371
-0.001867
-0.001566
-0.000561
-0.00297
-0.003371
-0.001165
0.00114
-0.000367
-6.3e-05
0.000536
-0.003167
0.000138
-0.000965
-0.004978
-0.004273
-0.001463
-0.000761
-0.004273
0.00084
-0.000865
-0.002165
-0.001363
-0.005476
-0.00297
-0.001165
-0.000567
-0.001466
-0.001767
-0.002469
0.000341
0.000241
-0.001162
-6e-05
0.000241
0.000642
0.003549
0.003546
0.005752
0.004047
0.006453
0.003145
0.001842
0.004445
0.004746
0.005044
-0.002209
-0.00421
-0.001808
-0.005216
-0.004314
-0.002913
-0.006619
-0.001303
-0.002205
-0.002707
-0.003108
-0.002606
-0.006316
-0.003903
-0.004906
-0.005711
-0.002503
0.000902
-0.001704
3e-06
-0.002804
-0.004107
-0.004004
-0.0024
-0.002202
-0.007412
-0.004207
-0.005207
0.000708
0.001009
-0.002801
-0.004201
-0.001695
-0.005905
-0.0024
0.000107
-0.000595
-0.001895
-0.001397
-0.000796
-0.000796
-0.005407
-0.001294
-0.000392
-0.003095
0.001416
0.001112
0.001613
-1.9e-05
-0.002625
-0.001823
-0.001222
-0.001823
-0.000623
-0.003029
-0.001021
0.001685
-0.004029
-0.003928
-0.000821
-0.002522
-0.002422
-0.002124
-0.004831
-0.001018
0.001689
-0.000921
-0.004129
-0.005833
-0.003621
0.00229
-0.000617
-0.00172
0.002093
-0.00162
-0.001316
-0.002619
-0.00162
-0.002622
-0.001219
0.001889
0.00119
0.000288
-0.000717
-0.003822
-0.005225
-0.001519
-0.005326
-0.002215
-0.001212
-0.003318
-0.00312
-0.003618
-0.000815
-0.000714
0.001613
-0.002243
0.000865
-0.002143
0.001068
0.001169
0.000467
-0.004145
0.001566
-3.4e-05
-0.002741
-0.001642
0.000464
0.000467
0.003274
-0.001037
-0.004148
-0.001638
-0.002644
-0.003145
-0.001237
-0.002945
-0.000733
0.001071
-0.003242
-0.001438
-0.001335
-0.001234
-0.001538
-0.000833
0.000968
-0.004646
-0.000636
-0.001137
-0.002641
-0.002337
-0.001335
-0.002741
-0.003737
7.2e-05
-0.001432
-0.003838
0.000974
0.001372
6.9e-05
0.000573
-0.000529
-0.004242
7.2e-05
-0.006441
-0.007042
-0.002735
-0.002331
-0.003631
-0.002027
-0.000724
-0.002628
-0.004232
-0.00333
-0.001325
-0.00333
-0.003631
-0.003227
-0.003026
-0.005733
-0.003928
-0.00323
-0.006334
-0.002725
-0.00473
-0.003427
-0.002224
-0.002622
0.001184
-0.002722
-0.003324
-0.002321
-0.00052
0.000786
-0.000219
0.004295
0.000786
0.000683
-0.001021
-0.002422
-0.000316
-0.000116
-0.003224
-0.000821
0.000984
-1.9e-05
0.002086
-0.003628
0.000883
0.001284
-0.001021
-0.001823
-0.001002
-0.003311
-0.003706
-0.0013
-0.003405
0.0
0.0001
0.002506
3e-06
-0.003108
-0.003108
-0.003408
-0.002904
0.001504
-0.001704
-0.002603
-0.00359
-0.002086
-0.001485
-0.000583
-0.000883
-0.00349
-0.001886
-0.003687
-0.001582
0.002729
-0.001081
-0.001485
-0.001284
-0.000179
0.000821
0.00313
0.001325
-0.000179
0.000423
-0.000382
-0.003186
-0.002086
-0.004091
0.001222
-0.001281
-8.1e-05
0.000924
-0.00078
-0.001385
-0.002287
-0.001685
0.00042
-0.000182
0.00333
0.003327
0.001927
-0.000379
-0.000179
2.2e-05
0.000724
-7.8e-05
0.002525
-0.000783
0.001623
0.000921
0.001024
-0.00068
-0.002588
-0.002011
0.000498
-0.000708
-0.003615
-0.002412
-0.001707
0.000999
0.001798
0.000392
-0.002312
-0.004614
9.4e-05
0.000398
-0.002613
0.001801
-0.002409
-0.005012
-0.001707
0.001601
0.003706
0.003509
0.000699
0.004104
0.002303
0.001096
0.001698
-0.000908
-0.000407
0.000298
0.002199
0.000294
0.0012
-0.001306
-0.000404
-0.00171
-0.001109
0.003603
0.000294
-0.001109
0.000595
-0.002008
-0.000705
-0.00151
-0.001009
-0.000908
9.4e-05
0.003803
0.001701
0.002475
-0.000533
-0.000533
-0.004041
-0.002337
0.000169
-0.001535
6.9e-05
0.00047
-0.002935
-0.002033
0.000774
-2.8e-05
0.001272
0.001573
0.003982
0.000874
0.001172
-0.001034
-0.002036
0.000971
-0.002036
-0.001031
0.000169
-0.001736
0.001275
0.000576
-0.001632
-0.00093
0.001773
0.001071
0.001375
0.002378
-0.000833
0.001272
0.001776
-0.000329
-0.002838
-0.001736
-0.00063
0.003377
0.003678
0.001773
-0.002538
-0.002237
0.002976
0.002876
-0.000533
-0.000871
-0.003177
0.001638
-0.00057
-6.9e-05
0.000633
-0.001269
-0.001974
-0.001873
0.000833
0.000833
0.000736
0.003039
0.001535
-0.000871
0.000633
0.000934
0.000132
-0.000667
0.001535
0.002635
0.000432
-0.001469
0.000335
0.000833
0.001438
0.000833
0.002137
0.003236
-0.000273
-0.000674
0.003737
0.003339
0.002133
-0.002074
0.001432
0.00063
0.000934
-0.00067
-0.001573
0.002234
0.001331
0.001936
3.1e-05
-0.000273
-0.00037
-0.000971
0.001635
0.00052
0.001021
0.002422
0.004126
0.002121
-0.000486
0.002021
0.002522
0.003418
-0.000689
0.000915
-0.001792
-0.002794
-0.001886
0.001823
-0.000583
0.001118
0.003321
0.003521
0.006629
0.007431
0.002118
-0.000689
0.004727
0.001313
-0.00119
-0.003095
-0.002992
0.002923
0.000113
-0.000589
0.001917
0.004022
0.003017
0.002519
-0.000291
0.00031
-0.001093
0.001012
-0.001194
0.002215
0.00422
0.00292
0.000514
0.001616
0.001516
0.001115
0.002819
-0.00213
-0.001128
-0.001532
-0.002735
0.001075
-0.000326
-0.00093
0.002077
-0.002434
-0.00063
0.001175
0.002277
-0.000529
-0.001429
0.001476
0.002481
0.002682
-0.001031
0.002979
0.000777
0.000476
-0.000827
0.000974
0.001977
-0.002334
-0.002133
-0.000128
-0.000329
-0.002334
0.002782
0.001876
-0.00073
-0.00093
0.002077
0.00318
0.000573
0.001275
0.001876
-0.000232
0.003076
-0.001535
0.001075
0.002879
-0.000329
-0.001031
0.001375
0.002177
0.002779
-0.00213
-0.001128
-0.001532
-0.002735
0.001075
-0.000326
-0.00093
0.002077
-0.002434
-0.00063
0.001175
0.002277
-0.000529
-0.001429
0.001476
0.002481
0.002682
-0.001031
0.002979
0.000777
0.000476
-0.000827
0.000974
0.001977
-0.002334
-0.002133
-0.000128
-0.000329
-0.002334
0.002782
0.001876
-0.00073
-0.00093
0.002077
0.00318
0.000573
0.001275
0.001876
-0.000232
0.003076
-0.001535
0.001075
0.002879
-0.000329
-0.001031
0.001375
0.002177
0.002779
0.000746
0.000144
-0.000755
0.002954
0.003252
0.003549
0.004856
-0.00136
-0.000461
0.001344
0.001544
-0.001259
-0.000858
-0.001663
-0.002766
-0.003267
0.002146
-0.00036
-0.001363
0.001648
-0.000761
0.001745
0.000943
-0.002566
-0.003264
0.001049
0.001147
0.003452
0.001945
0.002049
-5.6e-05
-0.000157
0.001544
0.002046
0.000943
0.003051
-0.002663
0.000843
0.00365
-0.000962
0.000445
-0.00166
-0.003568
0.000141
0.000241
0.001344
-0.000861
-0.00447
0.001519
-0.001181
0.001222
0.000119
-0.005291
0.00333
0.00062
0.00032
0.000921
-0.001284
0.001222
0.002725
0.000717
0.000219
0.001823
0.001519
-0.000182
-0.000586
0.001118
0.000216
0.000818
0.003023
0.002826
0.003925
0.003123
0.000517
0.000617
-0.001986
-0.002591
0.001623
0.000821
0.004026
0.002923
0.000116
-0.002591
0.000316
-0.000783
0.001021
-0.000786
0.002823
0.001118
-0.000689
-0.000382
0.001726
0.001024
0.00162
0.000617
-0.000786
0.001732
0.002832
-0.001175
-0.001679
-0.000476
0.000128
-0.001275
0.00063
-0.000576
0.000529
-0.001178
-0.002378
0.001429
-0.000175
-0.00328
0.003637
-0.002077
-0.001479
-0.000777
0.001532
-0.001378
-0.002578
-0.002481
-0.000476
0.003534
-0.000977
-7.5e-05
0.001729
-0.00338
-7.2e-05
-0.001676
-0.000373
-0.000877
-0.00198
0.001729
-0.00037
0.000229
0.000429
0.002033
0.002534
0.001131
-0.00198
0.000526
-0.000674
-0.000175
0.001933
-0.000974
-0.004687
-0.001996
0.00011
-0.000288
-0.002794
0.001316
0.001015
-0.002995
-0.001792
0.002616
-0.002293
0.000912
0.002616
0.002516
-0.001194
-0.002798
-0.001996
-0.002196
-0.004602
-0.004201
-0.000893
0.000611
0.000711
0.001215
-8.8e-05
0.003722
0.002318
0.002215
0.003722
0.000711
-0.000388
0.003822
0.002519
0.001212
-0.000993
-0.004301
-0.000893
-0.000689
9e-06
-0.001892
-0.00099
-0.000291
-0.000191
-0.001992
-0.001591
0.002619
-0.001294
-0.001792
0.00031
-0.001601
-0.001501
-0.000699
-0.002102
-0.000194
-9.7e-05
-9.7e-05
-0.000598
-0.000298
-0.003305
-0.001297
0.000304
0.001206
0.003913
0.000504
-0.001601
-0.002303
-0.002303
0.000508
6e-06
0.001309
-0.000595
0.000711
-0.000395
0.000407
0.001507
0.001006
0.001209
6e-06
-0.001701
-0.003806
-0.001501
-0.003001
-0.004101
-0.002497
-0.001096
-0.001397
0.00011
0.00141
-0.000194
0.000508
-0.001394
6e-06
-0.000395
-0.003101
-0.003001
0.001309
0.00281
-0.00261
-0.001808
-0.003509
-0.005113
-0.002506
-0.000501
-0.0002
0.001707
0.000304
-0.000799
3e-06
-0.000799
0.001507
0.004113
0.00261
0.001504
0.002108
-0.0001
-0.00291
-0.001504
-0.000404
-0.001106
0.001701
0.001002
-0.001804
-0.002603
-0.000401
0.001106
-0.001303
-0.001002
0.002409
0.004815
0.006717
0.003706
0.001701
0.002901
-0.000504
-0.001206
0.000601
0.000805
0.003007
-0.003408
-0.002008
-0.000805
0.001801
0.001898
0.003606
0.001303
0.000971
-0.000132
0.002976
0.00037
-0.000229
-0.000533
0.002575
0.006084
0.000974
0.001272
-0.000833
-0.003437
0.001175
-2.8e-05
-0.000128
-0.001535
-0.00093
-0.001131
0.000169
-0.00063
0.001472
0.001275
-0.002033
-0.000132
0.00047
-0.000232
0.001576
-0.000329
-0.001134
-0.000432
6.9e-05
-0.001632
-0.000128
-0.001034
-0.002234
0.00037
0.001272
0.00057
-0.001933
-0.002738
-0.000229
0.000774
0.001272
-0.002337
-0.000132
-0.000429
0.000974
0.00037
-0.002021
-0.001112
9.1e-05
0.000793
-0.001112
-0.004423
-0.00302
0.001999
-0.001313
0.000993
-0.000213
0.002497
0.002794
-0.003117
-0.002415
-0.002115
-0.002111
0.000996
-0.00151
-0.002512
0.000495
0.002998
-0.000811
0.000291
-0.000611
-0.002415
-0.003418
0.000592
-0.003618
-0.006525
-0.004818
-0.003114
-0.003609
-0.001006
0.001701
0.0012
-0.003311
-0.001504
-0.000307
0.000395
0.000598
-0.000103
-0.000107
-0.002309
-0.00151
0.001999
-3e-06
-0.000605
0.002584
0.003386
0.000677
-0.001626
-2.2e-05
-0.000623
-0.001529
-0.004032
-0.002631
0.001078
-0.001529
-0.00213
-0.004536
-0.000821
-0.000526
-0.001529
-0.004132
0.000683
-0.002725
-0.00032
-0.00042
0.003089
8.1e-05
0.002284
-0.000921
-0.001726
0.002384
-0.000727
-0.00313
-0.00473
-0.002428
-0.001823
-0.000824
-0.000523
0.000981
-0.002428
-0.005031
-0.000523
0.001983
-0.001024
-0.004132
-0.001626
-0.00323
-0.005031
-0.001723
-0.000717
-0.000216
-1.6e-05
0.002697
0.002293
-0.001814
-0.00031
0.00099
-0.000811
-0.002115
0.001394
-0.000414
-0.001817
0.003001
0.000188
0.000489
-0.00322
-0.002616
-0.00011
-0.000511
-0.003418
-0.001009
0.002299
0.000692
0.000191
0.000395
0.001698
-0.000611
-0.00011
0.000893
0.000291
0.000893
0.000194
-0.002412
0.000495
-0.002212
9.4e-05
-0.001811
-0.003618
-0.000407
-0.001613
-0.00031
-0.000511
-0.001313
-0.002917
-0.000912
-0.001914
-0.002813
-0.00151
-0.000304
-1.6e-05
-0.002998
0.000711
-0.001595
-0.002998
-0.0025
0.001416
0.00161
-0.003803
-0.00109
0.000414
-8.8e-05
-0.003095
-0.001591
0.000313
-0.002196
-0.000993
-9.1e-05
-0.001093
0.001714
0.00021
-0.001093
-0.001895
-0.001194
-0.001391
-0.002393
-0.000589
0.002118
-0.000589
-0.000392
0.001215
0.003017
-0.000489
0.001112
0.000714
-0.001391
-0.002293
-0.002096
-0.000489
-0.001692
0.002917
-0.001194
-0.00109
0.001817
0.000611
0.000815
-0.000589
0.000113
0.001215
0.002118
0.004123
0.003722
-0.000893
0.00442
0.002512
-0.000695
-0.001394
-0.000294
-0.001297
0.000207
-0.000893
0.00141
-0.000392
-0.003098
0.001015
0.002215
0.002011
0.000608
0.000207
0.001309
-0.001394
-0.000893
0.001309
0.001811
-0.000392
0.001613
0.002713
0.000808
0.001012
-0.000392
0.001313
0.001009
-0.003302
-0.004502
0.001714
-0.000996
-0.0027
-0.002199
-0.000294
0.000508
-0.000194
0.00302
0.000708
0.000508
0.000805
0.000207
0.002613
0.001698
-0.003308
-0.002205
-0.001507
-0.001507
0.002804
0.001801
0.003806
-0.001808
0.000197
0.003506
0.003706
0.001504
-0.00391
-0.003809
-0.002205
0.001203
0.002704
0.001601
0.000598
0.002503
0.004307
-0.001707
-0.000601
-0.003208
-0.000404
-0.00141
-0.002209
-0.0001
0.000699
-0.000404
-0.001707
-0.003809
-0.00261
0.000298
-0.001908
0.002205
0.00551
0.001801
-0.002707
-3e-06
0.000298
0.001403
-0.003007
0.002306
0.0014
0.000702
0.003205
0.0
-0.00281
-0.000802
-0.004912
0.002303
-0.000504
0.000298
-0.004611
-0.001801
0.002005
-0.004107
-0.002704
-0.000598
-0.000999
-0.002907
-0.000702
0.001002
0.000902
0.001504
-0.001801
0.000301
0.000501
-0.002005
