3681.0
0.00057
-0.001134
-0.000432
0.000774
0.002274
0.001676
0.001272
0.001977
-0.001335
-0.003039
0.00047
-0.000633
0.001773
0.00438
0.00037
0.001071
0.00037
-0.001435
0.002979
-0.001532
-0.000733
-0.000934
-0.000232
0.002776
0.001573
-0.00073
-0.000132
0.004279
0.003678
0.001974
-0.003343
-0.000529
6.9e-05
-0.000329
0.001977
0.00348
-0.001435
0.000169
0.000771
6.6e-05
0.002675
-0.003377
-0.002672
-0.00037
-0.000567
-0.002472
-0.002472
-0.005579
-0.001165
-0.003772
-0.003972
-0.002469
-0.000464
-0.001967
-0.000768
0.000135
-0.003975
-0.00187
-0.002068
-0.003672
-0.003267
-0.003769
-0.002462
-0.003471
-0.005874
-0.001967
0.002346
-0.002368
-0.002569
-0.003365
-0.003264
-5.6e-05
-0.003668
-0.004868
-0.003665
-0.00166
-0.002563
-5.6e-05
-0.003067
-0.001059
-0.002763
-0.00156
-0.003361
-0.00276
-0.002061
-0.003462
-0.002964
-0.003562
-0.001356
0.003098
0.000793
-0.00031
-0.000912
0.0038
0.004602
0.005103
0.002597
0.000188
0.001595
0.001695
0.005103
0.005404
0.0037
0.002193
0.002992
0.001692
0.001591
0.002898
0.005301
0.006103
0.00109
0.0051
0.002891
-0.002021
-0.002422
0.002992
0.00099
0.001291
-0.002418
-0.00182
-0.001319
-0.002318
0.000887
0.001692
0.001992
0.000385
-0.001018
-1.3e-05
-0.003625
-0.001018
-0.000414
0.000486
-0.000918
-0.000915
-0.000818
-0.004026
-0.000921
-0.003982
-0.002982
-0.001676
-0.000977
-0.002581
-0.003985
-0.002378
-0.001977
-0.002578
-0.001378
-0.004583
-0.004282
-0.002879
-0.001676
2.5e-05
0.001632
-0.002281
-0.002979
-0.00338
-0.00318
0.000229
0.002033
-0.000172
0.002334
-7.2e-05
0.003537
0.002735
0.003437
0.005141
-0.001175
-0.000172
-0.000874
-0.001576
-0.000373
0.001435
-0.000874
0.001331
0.002635
0.002534
0.00063
0.002234
0.003734
0.000426
0.002932
0.00183
0.001529
0.001529
0.004135
0.004875
0.004373
0.002365
0.00427
0.000861
0.001764
0.004975
0.004069
0.003468
0.001663
0.003866
0.002459
0.000157
0.002563
0.003465
0.000157
0.002666
0.001159
-0.001648
0.001961
0.002766
0.002061
0.005072
0.003662
0.002563
0.001757
0.005266
0.00136
0.004163
0.003462
0.001757
-0.000648
0.000955
-0.002857
0.000551
0.001156
0.000959
-0.001049
-0.00115
-0.000949
0.00136
0.002863
0.001858
0.000955
-4.7e-05
0.001657
0.001754
-0.002353
0.00026
-0.001648
-0.000742
0.002766
-0.001645
-0.000341
0.003167
0.001563
0.000461
-0.000943
-0.001344
6.3e-05
0.002368
0.001663
0.00016
0.000464
-0.001344
0.002064
-4.1e-05
0.00016
0.001262
0.00036
0.001062
-0.000341
-0.001344
0.000564
-0.00365
-0.000843
0.000561
-0.000542
0.001566
0.002967
-0.00265
0.001566
0.001363
0.004474
0.003164
-0.000144
0.001259
-0.000445
0.001256
-0.000244
0.001964
0.004771
-0.000943
-0.000244
-0.001645
-4.4e-05
0.00235
-0.002559
-0.001356
0.003155
-0.001961
-0.00156
-5.3e-05
0.001049
0.001848
0.001751
0.001851
-0.003061
0.000545
-0.003161
-0.004063
0.000345
0.001147
0.000244
-0.000858
-0.001961
0.000345
0.00125
-5.6e-05
0.000946
-0.000554
0.000247
-0.000457
-0.001159
0.000345
0.000545
0.001046
-0.000457
-0.001159
0.001049
0.004959
-0.003462
-0.005066
4.4e-05
-5.6e-05
-0.000655
-0.001159
0.000648
0.001049
0.001952
-0.001861
-0.001557
-0.00136
-0.000357
-0.002174
-0.00067
-0.002174
0.001037
0.002437
3.1e-05
0.000132
3.1e-05
3.1e-05
0.00344
-0.000968
-0.002572
-0.000567
0.000435
-0.000567
-0.001673
0.001134
0.002741
0.001037
0.000736
0.00474
0.000633
0.000432
-0.000667
-0.002572
-0.003775
-0.00167
0.00344
-0.000868
0.000432
-0.002475
0.001836
0.001134
0.00224
-0.00057
-0.001172
-0.000166
-0.002572
-0.00187
-0.001272
-0.00448
0.000633
-0.002873
0.002641
0.000533
0.001335
0.001535
-0.001272
0.000517
0.000116
0.002118
-0.001591
0.001316
0.002823
0.000711
-0.000392
-0.001291
0.002616
-0.000993
0.000207
0.001513
-0.002798
0.000811
0.000611
-0.002397
-0.002293
1.6e-05
-0.001692
-0.000385
0.002923
0.004828
0.002619
0.001613
0.00031
0.000811
0.00011
-0.001391
-0.000489
0.000511
-0.001895
-0.001093
-0.002594
-0.004201
-0.00219
0.000714
0.001616
-8.5e-05
-0.002895
-0.004098
-0.00089
0.003023
0.000717
0.000717
-0.001789
-0.001789
-0.00209
-0.000796
-0.002296
0.00011
0.002415
-0.000492
-0.000495
-0.001595
-0.000492
-0.002494
-0.000291
-9.1e-05
0.003418
0.003615
0.000811
-0.000893
0.000414
0.002616
6e-06
-0.000796
-0.000893
0.000811
-0.000695
0.002713
0.005821
0.000605
-0.000495
0.000207
-0.002299
0.001309
0.002111
-9.7e-05
-0.002199
0.003014
0.003916
0.002111
0.003214
0.004922
0.000608
0.002409
0.001908
0.002209
0.003612
0.002309
3e-06
0.001106
0.00271
0.00261
-0.000899
-0.000796
-0.002296
0.00011
0.002415
-0.000492
-0.000495
-0.001595
-0.000492
-0.002494
-0.000291
-9.1e-05
0.003418
0.003615
0.000811
-0.000893
0.000414
0.002616
6e-06
-0.000796
-0.000893
0.000811
-0.000695
0.002713
0.005821
0.000605
-0.000495
0.000207
-0.002299
0.001309
0.002111
-9.7e-05
-0.002199
0.003014
0.003916
0.002111
0.003214
0.004922
0.000608
0.002409
0.001908
0.002209
0.003612
0.002309
3e-06
0.001106
0.00271
0.00261
-0.000899
0.00297
0.001165
-0.002043
0.002171
0.001566
-0.00114
-0.001842
-0.000639
0.000865
0.000764
0.003872
0.002368
-0.000739
0.000865
0.001266
-0.001739
-0.000636
-3.4e-05
0.001065
0.001967
-0.000238
0.001964
0.000567
0.001262
0.002368
0.001663
-0.001444
-0.002447
0.000764
-0.000138
0.001566
-0.002747
0.002068
0.000263
0.00036
0.003869
-0.000843
0.00026
-0.001344
0.001162
-0.000341
-0.001845
0.000561
0.001663
0.000363
-0.001544
-0.001745
-0.000141
-0.000442
0.000664
-0.001344
0.000861
0.00016
-0.003148
-0.00395
0.001663
0.000561
0.00026
-0.001143
-0.001043
-0.001742
-0.001842
0.000561
0.00016
0.000564
-0.002146
-0.001143
-0.002747
0.003267
0.001764
0.001563
0.001062
-0.001043
0.000761
0.003271
-0.000542
-0.001842
-4.1e-05
0.000764
0.000561
0.002368
0.003668
0.003471
0.000558
-0.001046
-0.002644
-0.000442
-0.001441
-0.001945
-0.001645
-0.000639
-0.001347
-0.001745
0.001059
-0.002346
-0.001043
-0.001548
-0.001347
-0.002647
-0.001244
6e-05
-0.000746
0.002165
-0.000442
-0.001945
-0.000341
0.003067
0.001563
0.000959
-0.002547
-0.005758
-0.003048
-0.001344
-0.00245
-0.003352
-0.002143
-0.001839
0.001065
-0.000442
-0.001344
-0.001538
-0.001541
-0.002447
-0.002046
-0.000943
-0.000542
-0.002547
-0.00375
-0.003646
-0.000736
0.001369
-0.006253
-0.002043
0.001867
-0.001638
0.000968
-0.000836
-0.000539
0.002271
0.000266
-0.004345
-0.000539
-0.003443
-0.002945
0.000558
-0.001848
-0.000551
0.001855
0.001259
0.001256
-0.000348
0.000655
0.000755
-0.00015
0.001156
0.001353
-0.002055
-0.001554
0.004564
0.001554
-0.000251
0.002356
0.001654
-0.00015
-0.000551
0.001256
0.00015
0.001955
0.000451
0.001156
0.003058
0.001053
0.000251
0.001353
-0.000251
0.001049
-0.001153
-0.000952
0.001253
0.00015
0.000755
-0.000348
0.001955
0.00396
0.001952
-0.000454
0.003054
0.002353
0.002353
0.002252
0.003556
0.001952
0.000946
0.00135
0.000348
0.003252
0.001046
-0.000357
0.000147
0.001651
-0.002462
-0.003465
-0.004063
-0.000554
-0.000357
-0.002763
0.001748
0.00135
-0.000658
-0.001059
-0.001961
-5.6e-05
0.002553
-0.002061
-0.00266
0.000946
0.000846
0.000746
-5.6e-05
-0.000157
0.003352
0.001851
0.000949
0.000548
-0.001056
0.000244
0.000445
0.001347
0.004057
0.002453
0.001147
0.000746
-0.001059
-0.001761
-0.004367
-0.000357
-0.000655
0.002954
0.000144
0.001751
-0.00068
0.000623
0.002024
0.002428
0.000423
-0.004389
-0.000279
0.000222
-0.000977
0.001128
0.000323
0.00333
-0.001783
0.004934
0.003734
0.001526
0.000323
-0.000981
0.001125
0.002531
-0.002384
-0.002985
-0.00188
-0.001281
-7.8e-05
-0.002688
-0.002184
0.001028
0.000523
0.001927
0.00203
-0.000279
0.004232
-7.5e-05
0.000623
0.00343
0.005839
0.003831
-0.001685
-0.000279
-0.001081
0.000122
-0.000981
0.001526
-0.00058
0.002732
0.001923
1.9e-05
-0.000479
-0.00068
-0.003584
0.000724
-0.000376
-0.00188
-7.5e-05
0.000226
-0.001375
-0.001676
-7.5e-05
-0.000175
2.8e-05
-0.002979
0.001028
0.000429
-0.00599
-0.00328
0.000627
-0.001278
-0.003183
-0.001075
0.001529
-0.001275
-0.004082
0.000229
0.001131
-0.000276
-0.000273
-0.002779
0.001234
0.000727
-0.003584
-0.001075
-0.00057
-0.002478
-0.002177
-0.001476
0.000529
-0.000273
-0.001375
-0.000373
0.000633
0.002133
0.002835
0.000132
-0.001075
-0.000473
0.000605
-0.000194
-0.004007
-0.002002
0.000304
-0.003502
-0.003001
-0.002801
-0.0024
-0.000896
-0.002199
0.000708
-0.004806
9e-06
-0.001096
0.003515
-0.002318
-0.00041
0.002494
-0.000711
-0.001917
-9e-06
-0.000815
0.000893
-0.001817
0.000786
0.001488
0.001591
0.000592
0.001494
0.000392
0.000291
-0.000511
-0.00021
0.001394
0.000689
0.003997
0.0052
0.0051
0.000285
-0.002021
-0.001519
-0.000918
-0.002923
0.002193
-0.003324
-0.001413
-0.000912
0.003797
0.002293
-0.001316
0.003396
0.000686
8.8e-05
0.000285
0.001892
0.000586
0.001992
-0.001316
0.000288
0.000185
-0.000216
-0.002318
0.000388
0.003258
-0.000949
0.000755
0.002061
0.004267
0.003264
0.003762
0.002359
0.000752
0.000551
0.000752
0.00416
0.001153
0.002456
-0.000251
-0.001049
-0.000949
-0.000247
0.005467
0.000755
0.000454
0.002757
0.003158
0.001757
0.001657
0.002155
0.001353
-0.002058
-0.000351
5e-05
-0.000852
0.000247
0.003158
0.006864
0.002757
-0.004361
-0.001657
-0.000855
0.002052
0.001651
0.001253
0.002055
0.003556
0.004762
0.000551
0.000448
-0.001557
-0.000755
0.001134
-0.000576
0.001028
0.00193
0.002431
0.000927
0.001228
0.002431
0.005138
0.003838
0.001432
-0.001278
0.000927
0.004737
0.004035
0.001225
0.001425
0.003531
0.00323
0.002829
0.001826
-0.000576
0.001927
0.004132
0.001128
0.003433
0.003026
0.003928
0.001021
0.003026
0.00172
0.002525
0.003427
-0.001385
-0.000583
-0.001184
-0.001886
0.001826
0.002729
0.001225
0.002324
0.001623
0.002926
0.003023
0.001118
-0.000686
0.001322
0.003023
0.002209
-0.000699
-0.001902
-0.000197
0.000103
-0.000896
0.002014
0.005119
0.002312
0.00161
-0.000395
-0.000799
0.000705
0.001006
0.000905
0.002913
0.000601
-0.005213
-0.002102
-0.001497
-0.002704
-0.000498
0.001106
0.003515
0.000504
0.00291
0.000404
0.002309
0.006218
0.004915
0.002506
0.002606
0.002707
0.001804
-0.001002
-0.0002
0.001203
0.0
0.001908
0.001006
-0.002409
-0.002205
0.000501
-0.001701
-0.000799
-0.002105
-0.002804
-0.000298
-0.001319
0.000385
0.001187
-0.001219
-0.000617
-0.00162
-0.000617
0.000388
0.001491
0.004696
0.003095
-0.000517
0.004295
0.000783
-0.00042
0.002688
0.001786
-0.00032
0.001783
0.000282
0.001184
-0.000717
-0.000417
-0.001122
-0.001018
0.000883
0.001284
0.004392
0.002086
0.002588
0.00359
0.001087
0.000883
7.8e-05
0.003086
0.000179
0.001382
0.005792
0.002484
0.00058
0.001184
0.00339
-0.00042
-0.001823
0.004489
0.002885
0.001382
0.000479
0.000166
-0.000937
-0.000639
0.001864
-0.001642
-0.001642
0.000166
-0.001538
-0.001037
0.00317
-0.000539
0.000363
0.000464
-0.002845
0.004273
0.002271
0.000764
-0.001438
-0.002744
-0.002945
-0.000739
0.001466
-0.001241
0.002371
0.000266
0.00287
0.000865
0.000868
-0.000338
-0.003042
-0.000335
0.000664
0.001266
0.000561
0.000263
-0.000435
0.001065
0.004273
-0.000335
-0.001642
0.000768
0.000163
-0.001742
0.001266
0.002569
0.003672
-0.00094
0.000363
-0.00067
-0.001569
-0.001469
0.001338
0.000533
0.000132
0.001839
0.00354
0.001435
0.000636
0.000934
0.001635
-0.001169
0.001535
-0.000971
-0.001673
0.001034
-6.6e-05
0.003042
0.005645
-0.002575
-0.004781
0.001438
0.000432
-0.00047
0.001231
0.00063
-0.001375
0.000132
0.001031
0.002835
-0.002381
0.00073
-0.002779
-0.001372
-0.001673
0.002237
0.002541
0.00093
0.000329
-0.000172
0.002835
0.002635
0.001833
0.001432
-0.001178
2.8e-05
-0.000473
-0.00067
-0.001569
-0.001469
0.001338
0.000533
0.000132
0.001839
0.00354
0.001435
0.000636
0.000934
0.001635
-0.001169
0.001535
-0.000971
-0.001673
0.001034
-6.6e-05
0.003042
0.005645
-0.002575
-0.004781
0.001438
0.000432
-0.00047
0.001231
0.00063
-0.001375
0.000132
0.001031
0.002835
-0.002381
0.00073
-0.002779
-0.001372
-0.001673
0.002237
0.002541
0.00093
0.000329
-0.000172
0.002835
0.002635
0.001833
0.001432
-0.001178
2.8e-05
-0.000473
-0.001704
-0.002403
0.001303
0.000103
0.000504
0.001403
-0.000498
0.003208
0.000404
0.001103
0.000705
-0.0001
-0.002002
-0.000699
-0.001504
-0.000401
0.001704
-0.003308
0.002406
-0.000601
0.000401
0.001704
-0.000204
0.003308
-0.003509
-0.000902
-0.0001
-0.001704
-0.002707
0.001905
0.001303
-0.000501
-0.000699
0.003007
0.001303
-9.7e-05
0.003111
0.003007
-0.000304
-0.001303
-0.002707
0.000304
-0.0014
-0.0011
-0.001601
0.000902
0.001701
-0.000601
0.000993
0.002497
-0.001012
-0.002516
0.002296
0.001397
-0.00031
0.001497
0.0025
-0.001714
-0.00021
-0.002115
0.000996
0.0038
0.002801
0.004806
0.000893
0.000492
0.000191
-0.003415
0.000294
0.001598
0.003302
0.000893
0.000793
-0.001309
-0.003217
0.000793
0.001996
0.001695
-0.00171
-0.003318
-0.001911
-0.001209
-0.001212
0.000291
0.002798
0.001294
-0.000107
-0.000407
0.000191
-0.000808
-0.00031
-0.001112
-0.005219
-0.001911
0.005003
-6e-06
-0.0013
-0.002907
-0.001704
-0.003806
-0.001403
-0.001403
0.000908
-0.000899
-0.002005
0.000304
-0.000999
-0.002205
-0.000899
0.002008
-0.001701
-0.003108
0.000808
-0.003101
-0.005708
0.000705
-0.0013
-0.003903
-0.002199
-0.002603
-0.003903
-0.003603
-0.002597
0.00041
-0.003199
-0.006406
-0.002798
0.001814
0.001112
0.000508
-0.001294
-0.001996
-0.002296
-0.003502
-0.0027
-0.000695
-0.002099
-0.005103
-0.002397
-0.001792
0.000113
-0.000592
-0.002093
-0.000492
0.000498
0.000699
0.001905
0.001601
-0.00141
-0.003011
0.001801
-0.001908
-0.000103
-0.001103
-0.0002
0.000398
-0.00161
-0.000605
0.0
0.002205
0.003004
0.001902
-0.000601
0.0
-0.003108
-0.001306
-0.001103
0.002306
0.000702
0.000899
0.000398
0.001501
0.002005
0.000595
-0.002312
-0.004715
-0.001403
-0.001504
-0.002306
-0.002105
0.000699
-0.001604
0.000398
-0.000705
-0.00271
-0.000401
0.0012
0.000501
-0.005015
-0.002108
-0.001006
0.000398
0.000492
0.000692
0.002099
-0.00161
-0.001309
0.000291
-0.003017
-0.002917
-0.002115
-0.003819
-0.003719
0.000796
0.001297
-0.00021
-0.00011
-0.001012
-0.000808
0.002096
0.001695
0.000191
0.000392
-0.001309
-0.001112
-0.004922
0.000692
0.001595
0.001795
-0.001109
0.002397
0.001194
0.000893
0.001999
-0.003418
-0.001109
0.001494
-9e-06
-0.002014
-0.002014
-0.000811
-0.001714
-0.00151
0.000896
0.000194
0.002603
-0.001513
-0.002215
0.000999
0.002099
0.00187
0.000467
-3.4e-05
-0.005147
-0.000836
0.002371
-0.000536
-0.002337
-0.002641
0.000269
-0.000934
-0.001034
0.002071
0.003574
0.000166
-0.003239
-0.001438
-0.000232
-0.00354
-0.002137
-0.000232
-0.000633
-0.002538
0.000971
0.001873
0.002475
0.001172
-0.001131
-0.001933
-0.003136
0.000774
0.000473
0.000674
0.00067
0.001573
0.003277
0.001169
0.000968
-0.002538
-0.001839
0.00057
-0.001435
-0.002534
-0.001331
-0.001836
-0.000529
0.001175
0.000771
0.001576
0.001573
0.000874
-0.00073
-0.002534
-0.004038
0.000473
0.002077
-0.000229
0.000373
-0.000329
0.002578
7.2e-05
-0.000132
0.000871
-0.003139
-0.002331
0.001178
0.00218
0.001579
0.000874
-0.000529
-0.002635
0.000877
0.000473
0.002876
0.001873
-0.00073
-0.001632
-0.002638
-0.003236
-0.001228
0.000777
-0.000627
-0.000927
-0.000429
0.002381
0.001676
0.001576
-0.002534
0.002581
0.001873
0.00067
-0.002735
0.00037
0.001573
0.000473
0.001776
0.000974
0.001075
0.000974
0.002277
0.001075
-0.000329
-0.00193
-0.002932
-0.001028
0.000777
0.002678
-0.000529
0.000974
-0.000429
-0.001328
-2.8e-05
0.000877
7.2e-05
-0.00213
-0.002732
-0.005238
-0.001131
0.001476
0.001476
-2.8e-05
-0.003032
-0.001128
-0.001228
7.2e-05
0.001476
-0.001529
-0.003336
-0.002334
0.000576
-0.00083
-0.001432
-0.002829
-0.001826
-0.000824
-0.002431
0.002882
-0.001729
-0.002528
0.000877
-0.002328
-0.002829
0.000877
-0.000927
0.00166
0.002967
-0.001046
-0.003853
-0.00255
-0.00245
0.000461
-0.000539
-4.1e-05
0.00447
0.000858
0.000658
0.000257
-0.000144
0.00146
0.000357
0.002265
0.00146
-0.002149
0.002158
0.004968
0.001059
0.002165
6e-05
0.000861
0.000357
0.001864
-0.001648
0.000558
0.001663
0.00016
0.002061
-0.001949
-0.001949
-0.001551
-0.003152
-0.002948
-0.001344
6e-05
0.001864
-0.000141
-0.001544
0.000461
0.000858
-4.1e-05
0.002061
0.001262
-0.002447
-0.001241
-0.000238
0.000667
0.000564
0.004671
6e-05
0.000761
0.00036
-0.001143
-0.000238
-0.002043
-0.001241
6e-05
-0.002751
-0.002845
0.000564
0.000764
-0.001942
0.000764
0.000567
0.000664
0.000263
-0.00094
-0.00224
0.00187
0.002873
0.003772
0.001864
0.000163
0.003468
-0.002246
-0.001544
0.002165
0.001262
-0.001942
-0.000943
-0.000241
-0.000141
0.000962
-0.000542
-0.002146
-0.001143
-0.00094
0.001663
0.004066
0.001363
-0.000542
0.002465
-0.002162
0.001046
0.002149
0.00255
0.001851
0.002252
0.001347
-0.00156
-0.002365
0.004254
0.003152
0.002246
0.004054
0.003152
-6e-05
-0.003067
-0.00156
-0.000661
-0.002165
-0.001059
0.003449
-5.6e-05
0.001043
-0.00166
-0.001861
-5.6e-05
0.002146
0.000542
-0.001363
0.003148
-6e-05
-0.001663
-0.001159
-0.002866
-6.3e-05
-0.001162
-0.001363
-0.001062
0.002851
0.001645
-0.000558
-0.00156
-0.002566
-0.002064
-0.004871
0.001046
0.004354
0.000244
0.004552
-0.002262
0.000946
0.004254
0.002149
0.000846
4.4e-05
-0.002162
0.000545
-0.00156
0.000348
0.004859
0.00265
0.000448
0.003252
0.002547
0.005053
0.001344
0.001742
0.000843
0.000141
-0.00166
-0.003766
0.000244
-0.000357
0.000241
0.00245
-0.000658
0.003252
0.006657
0.004154
0.002948
0.001942
-0.001667
-0.001065
-0.00297
0.000742
-0.002064
-0.003668
4.1e-05
-0.002262
-0.000461
0.000943
0.001341
0.002149
0.001247
0.001745
-0.000457
0.001457
-0.000451
-0.000749
0.002058
4.7e-05
0.003756
-0.000852
0.002052
0.001049
-0.000154
0.000351
-0.006265
0.000251
0.001454
-0.002359
0.00145
0.00145
-0.003762
-0.001551
0.00266
0.000451
0.001554
-0.000451
-0.001256
-0.003662
-0.001651
-0.000351
-0.002857
0.002556
-0.000752
-0.001651
-0.001952
-0.001253
-0.001851
-0.003058
0.003158
-0.001754
-0.000448
0.001554
0.001654
0.001353
-0.003258
-0.003255
-0.00145
-0.000548
0.002155
0.001356
-0.000652
0.00067
0.000971
0.001071
0.000771
0.002274
0.000169
-3.1e-05
0.000166
-0.000432
0.003477
0.000373
-0.003239
0.002575
0.002776
0.001673
0.000169
-0.000877
0.002929
0.00052
0.00062
0.003631
0.002729
0.000623
-0.000182
-0.003089
-0.001983
0.002428
-0.002785
-0.002487
-0.002086
0.001726
-0.00068
-0.002487
-0.001682
0.000523
0.001325
-0.001485
-0.00469
-0.002184
-0.001078
-0.00198
-0.003383
-0.001679
-0.00198
0.000323
0.002127
0.001328
0.002732
0.001429
0.000323
-0.003888
-0.002083
-0.00489
-0.005993
-0.00198
-0.000175
0.001429
-0.001579
-0.002678
-0.00328
-0.000373
0.002534
0.000128
-0.000774
-0.003114
0.000999
0.001501
-0.004718
-0.004217
-0.001808
-3e-06
-0.00151
0.000896
-0.001811
-0.000708
-0.000508
-0.000605
-0.006115
-0.002509
0.0011
-0.000705
-0.001106
0.000197
0.001501
0.000802
0.001403
0.002102
0.001504
0.000501
-0.000204
0.0013
0.000899
-0.001403
-0.001908
-0.001407
-0.002108
-0.001811
-3e-06
-0.000204
-0.002606
0.002105
-0.000404
0.0
-0.000702
-0.00291
0.000799
-0.000204
0.000498
0.002804
0.000702
-0.000301
-0.001306
0.001873
-0.001632
0.000971
0.002776
0.002578
0.000674
0.002174
0.001472
-0.001335
-2.8e-05
-0.003039
-0.000432
0.000172
0.000269
0.000169
-0.00374
-0.001034
0.001673
-0.000232
0.000874
-0.001432
0.000974
0.002575
-0.001335
-0.001335
0.000169
0.000169
-0.000529
0.000273
-3.1e-05
-0.00083
-0.002337
-0.001635
0.000871
-0.000232
0.004881
0.004082
0.003076
0.00067
-0.006952
-0.001034
-0.001532
0.001372
0.002675
-0.000332
0.001272
0.003681
-0.00354
-0.000648
0.002663
-0.001949
0.001156
-0.00125
-4.7e-05
0.001256
0.000254
0.000755
-0.001551
0.004063
0.001153
0.000451
-0.003358
-0.001046
0.002359
0.000755
0.001353
0.000451
0.001156
0.001156
0.000955
-0.001253
-0.004762
0.001554
-0.000451
0.00115
-0.002256
0.001955
0.002259
-0.002353
-0.004759
-0.002553
0.001861
0.001056
0.00266
0.001253
0.004762
0.004661
0.002456
-0.00015
-0.002957
-0.002456
-0.00406
-0.000448
0.000354
0.001855
-4.7e-05
-0.002274
0.000633
0.001435
-0.00067
0.001635
-0.00057
0.000733
0.000533
-6.9e-05
0.004546
0.002337
0.001034
0.001635
-0.001172
0.001839
0.002039
0.001739
-0.000573
-0.000169
0.000529
-0.000874
-0.003377
0.001435
0.002437
0.002838
0.001131
-0.00037
-0.001974
0.000429
0.000329
2.8e-05
0.003938
0.001134
0.001031
0.00093
-0.000473
-0.00037
-0.000273
-0.002177
2.8e-05
-0.000367
0.000633
-6.9e-05
-0.00318
0.003437
0.000733
0.000128
0.002735
-0.000376
0.001429
-0.000276
-0.000273
0.002832
-0.00348
0.002234
0.00073
0.000229
-0.000376
-0.002281
0.00223
0.00073
0.001131
-0.00198
0.00193
0.001526
-0.000175
-0.000777
-0.002481
0.001729
-0.001278
0.00183
0.001532
-0.000276
0.000326
-0.000373
0.004937
0.004339
0.00474
0.00213
0.00203
0.000426
0.00203
-7.5e-05
-0.001579
0.000924
-0.003484
-0.002381
-0.001278
-0.003283
-0.000977
-0.001776
-0.003684
-0.003183
-0.001278
-0.001078
-0.000373
-0.001416
0.001692
0.002494
0.00089
0.000191
-0.003919
-0.000714
-0.001616
-0.001914
-0.002415
-0.000611
0.000392
0.001598
-0.000808
0.000893
-0.00021
-0.000611
0.003302
-0.00011
-0.00011
-0.003621
-0.000511
0.000993
-0.001209
-0.002212
0.000392
0.001494
0.000993
-0.000908
-0.002616
-0.003117
-0.002115
-0.001613
0.002099
0.001394
-0.002115
-0.003518
0.002697
0.002798
-0.000811
-0.002011
-0.000207
9.4e-05
-0.001914
-0.003618
-0.002415
-0.000711
-0.00031
0.000191
0.003001
0.001194
0.001892
0.002898
0.003195
0.000489
0.000789
-0.000912
-0.001112
-0.002218
9.1e-05
0.001491
-0.000614
0.00119
0.000388
-0.000213
-0.000313
-1.3e-05
-0.000614
-0.00302
-0.001015
-0.000915
-0.000815
0.000388
-0.001413
0.001194
0.000388
0.000689
0.00119
0.002293
0.005103
0.001595
-0.00021
0.000388
0.003697
0.002296
-0.000511
-0.001416
0.003092
-0.000617
0.000288
0.001591
-0.000915
0.001789
-0.002124
-0.001817
0.000288
-0.001642
-0.000843
0.000865
-0.001237
0.001366
0.001065
0.003274
0.00197
0.002472
0.000868
0.004069
0.001667
0.002365
0.004771
0.001363
-0.002747
0.000962
-0.001241
0.000464
0.000461
-0.005056
0.002064
0.004069
0.002666
0.002469
0.001165
-0.000843
0.001667
0.001566
-0.000943
0.000561
0.004972
0.00036
-0.001544
0.003471
0.000661
-0.003449
0.001162
0.001363
-0.002747
-0.000341
0.001964
-0.000442
-0.000442
0.002064
0.002265
0.001764
0.002462
0.002256
5e-05
0.001156
0.001858
0.002459
-0.000451
0.001053
-0.00015
0.002055
0.00115
-0.000354
0.000849
0.002256
0.000952
-0.000755
-0.003462
-0.002459
0.001654
0.00135
-0.000254
0.002353
0.000749
-0.001454
0.002256
0.001554
-5.3e-05
0.000949
-0.000354
0.000949
4.7e-05
-0.001156
0.00125
-5.3e-05
0.000247
-0.00015
-0.000955
0.001447
0.000451
0.002653
0.00145
0.003856
0.000849
0.002754
0.004157
0.000949
0.002049
-0.000154
0.005962
-0.001375
-0.001175
-0.001071
-0.002277
-0.001071
-0.001175
-0.000169
0.000429
0.000529
0.001732
0.000533
0.00093
0.001732
-0.001476
0.001632
0.000633
0.000429
-0.00057
0.000529
0.002534
0.001532
0.000633
-0.00218
0.001028
-0.000674
-0.000674
-0.000874
-0.000674
-0.000774
-0.002776
0.001335
0.002133
-0.000974
0.001432
0.004339
0.000733
-0.000974
0.000132
0.00063
-0.00057
-0.000674
-0.001175
0.000533
0.00093
0.002137
0.002835
-0.001375
-0.001476
-0.000595
0.000811
0.001814
-0.003101
-0.001394
-0.001595
-0.000993
-0.000194
0.003415
0.00141
-0.0024
0.003314
-0.000796
-0.001501
-0.002099
0.000608
-0.000893
-0.003199
-0.001197
-9.1e-05
-0.001698
0.000611
-0.000392
0.000511
0.004521
0.001911
0.00151
0.000608
-0.003202
0.001814
-0.001795
0.000708
0.001112
-0.003098
-0.001996
-0.003299
-0.001494
-0.001297
0.00021
-0.001695
-0.000495
-0.002096
0.001513
-0.001698
0.000714
0.002017
-0.003502
-0.003195
0.000307
0.00261
0.000107
-0.000595
0.001911
0.00281
-0.000298
-0.002202
-0.000598
6e-06
-0.002804
-0.003907
-0.0014
-0.000598
-0.002202
-0.001801
-0.000197
-0.0013
-0.000598
-0.000899
-0.002093
-9.1e-05
0.000307
9e-06
0.000811
-0.001294
0.000808
6e-06
-0.000793
0.000611
0.003014
-0.004408
-0.004004
-0.000793
-0.000692
-0.003703
-0.002901
0.00031
9e-06
0.001009
-0.002901
-0.000793
0.001112
0.003214
0.00161
9e-06
-0.000692
-0.001297
0.000288
-0.001215
-0.002519
-0.001015
-0.000614
0.001291
0.005702
0.004702
0.001792
0.00089
-0.001917
-0.002516
0.000492
0.000489
-0.000611
-0.000611
-0.000711
0.002694
-0.000614
-0.003625
-0.001313
0.000392
0.000492
-0.000815
0.002393
0.002995
-0.000213
-0.001015
-0.000815
9.1e-05
0.005601
-0.000714
-0.003217
0.000388
-0.001313
0.003199
0.002193
-0.000511
0.002597
0.001291
-0.000918
0.001093
0.002891
8.5e-05
-0.001018
0.000589
-0.000614
0.001588
-0.001125
-0.001626
-0.001128
0.001078
-0.000426
-0.000927
-0.00193
0.002785
0.001181
-0.004235
-0.001125
-0.000226
0.000777
0.000877
0.002682
0.001178
0.000276
0.003083
-0.00183
-0.004132
-0.002027
-0.00213
-0.000326
0.002284
0.000977
0.000276
0.000379
0.001278
0.00348
-0.000323
-0.000426
-0.001228
-0.000727
0.000276
-2.2e-05
0.000977
0.003484
-0.000927
-0.000222
0.00629
0.002678
-0.001131
-0.001429
0.001078
0.000977
-0.000827
0.001579
0.001977
0.001147
0.000144
-0.000354
-0.001958
-0.003365
-0.003261
-0.000858
-0.000758
-0.001457
0.000746
0.002052
0.00245
0.001147
4.4e-05
-0.004066
-0.000554
4.4e-05
0.001648
0.004959
0.001147
0.000645
-0.00136
-0.00156
0.003957
0.003358
0.000144
-0.002863
0.003152
0.006156
-0.002563
-0.000761
0.000843
0.000341
0.000742
0.001949
0.000946
-0.004467
-0.002362
-0.001059
0.002346
-0.000758
0.000545
0.003352
0.001745
0.00245
-0.000861
-0.001663
-6e-05
0.00073
0.002534
0.001432
0.000927
0.000426
-0.000877
-0.001876
0.00063
-0.00198
0.001028
0.002331
-0.001776
-0.001378
-0.002378
0.002635
-0.000981
0.004135
-0.000376
-0.002381
0.000326
0.000229
-0.000774
0.000827
-0.001579
0.001529
-0.003484
0.000927
0.004239
0.001228
0.003133
-0.000576
0.001826
0.000526
-0.001178
-0.003584
-0.000677
-0.001679
-0.00058
0.002732
0.001429
0.002732
-0.000576
-0.000279
0.000426
-0.00058
-0.001783
-0.00188
0.000827
0.001212
9e-06
-0.001297
-0.004602
-0.003903
-0.003396
-0.002895
0.000511
0.000614
-0.00099
-0.000993
-0.000993
-0.003396
-0.000689
-0.003499
-0.000489
-0.002397
-0.001394
0.002218
-0.001093
-0.002798
-0.000392
0.003618
0.000414
-0.002193
-0.001391
-0.003098
-0.002995
0.002021
-0.000686
-0.001288
0.000514
0.001917
-0.00099
-0.00239
-0.003997
-0.001491
0.002622
0.002622
-0.000987
-0.001388
-0.002594
-0.000288
-0.000789
-0.000887
-0.000288
-0.002093
0.001316
0.000298
-0.000508
-6e-06
-0.003211
0.001297
-0.000107
-0.004113
-0.00271
-0.001707
-0.003512
-0.004517
-0.002613
0.000197
-0.002209
-0.002907
0.000802
0.002403
-0.003415
-0.003712
-0.000802
-0.000501
-0.001905
-0.000601
-0.000204
-0.003709
-0.001704
-0.000902
-0.001206
0.002005
0.002707
-0.001203
-0.00391
-0.003311
-0.003809
-0.002002
-0.0011
-0.003709
-0.004611
3e-06
0.000802
-0.000598
-0.002202
-0.004307
-0.002506
-0.0001
-0.003305
-0.003709
-0.002299
0.0014
-0.001303
-0.000702
0.001801
-0.001002
-0.001403
0.000598
-0.002008
-0.00391
0.003111
-0.001604
-0.000501
-0.002506
-0.003509
-0.002503
0.000301
-0.004411
-0.000899
0.002506
0.002005
0.001407
-0.001501
0.002907
-0.000501
0.000404
0.0
-0.003007
0.002606
-0.001103
3e-06
-0.000301
-0.000401
-0.000501
-0.001704
0.001808
-0.000197
0.000103
-0.000398
-0.000799
-0.003108
-0.001801
-0.000197
0.002707
0.001804
0.004013
0.002306
-0.003308
-0.000799
-0.002318
-0.00162
-0.000414
-1.3e-05
8.5e-05
-0.001219
0.000789
0.002393
0.000385
0.001591
0.002895
-0.00192
0.000285
-0.000918
-0.003625
-0.000414
0.000388
-0.000714
-0.003825
-0.001118
0.001588
-0.001215
0.000789
0.003393
-0.001419
0.001491
0.002995
0.000388
-0.000714
-0.002622
0.001588
0.004395
-0.000316
-0.002221
-0.003424
0.001789
0.001789
-0.00192
-0.003728
-0.002923
0.000388
0.001889
0.000385
-0.000414
-0.000514
0.003292
0.000185
-0.002221
0.001397
0.001397
-0.002412
-0.001109
0.000197
0.000999
0.000799
0.002099
0.001598
0.000498
-0.001808
0.001701
0.001698
0.001999
0.003703
0.000598
-0.001037
-0.000435
0.002271
0.001369
0.000266
0.000968
0.002672
0.003775
-0.002143
0.000163
-0.000435
0.000266
-0.002741
-0.001438
-0.003042
-0.000536
-0.000536
-0.002644
-0.000937
-0.001939
0.002171
0.001569
6.6e-05
-0.001839
-0.000736
-0.00244
-0.000934
-0.000332
-0.000736
-0.001438
-0.001839
0.002171
0.00057
-0.00214
-0.002638
-0.003744
-3.4e-05
0.000768
0.000166
-0.001936
-3.1e-05
0.001272
0.003277
-0.000235
-0.001037
-0.001438
-0.000132
0.004079
0.000429
-0.000573
0.00213
0.001933
0.001128
0.004536
0.000727
0.001328
-7.2e-05
-0.000974
-0.002077
0.001429
-0.002879
0.00093
0.00223
0.000827
0.002431
0.000824
0.004132
-7.8e-05
-0.001281
-7.8e-05
0.000323
0.000526
-0.000576
0.002227
0.002324
0.001626
0.001325
0.002725
0.001425
0.003433
0.005235
0.003731
0.000921
0.00042
0.001623
0.003029
0.00473
0.003126
0.003932
0.006337
0.000821
-0.000583
0.001422
0.001422
-8.1e-05
0.002425
0.003098
0.002296
0.0025
-0.000811
0.001294
-0.002215
-0.002115
-0.000915
0.002296
-0.001212
0.002798
0.004
0.003697
0.001996
0.001494
0.000786
0.001992
0.000288
0.003496
0.006002
0.002397
0.002995
0.00239
0.001892
0.003697
0.00219
0.005398
0.003292
0.001692
0.004896
0.003296
0.001989
0.001692
0.004192
0.002387
0.001588
0.002387
0.001786
0.002591
-0.00052
-0.00062
-0.001122
0.000883
0.000285
0.000185
0.003289
0.000883
-0.000119
0.001958
0.001059
-0.000147
-0.001851
-0.004358
-0.001046
0.001159
0.001259
0.00146
-0.001952
0.001761
0.005467
0.00276
0.000354
-4.7e-05
0.002158
0.000959
-0.002954
0.000254
-0.00255
-0.000648
-0.003352
-0.001748
0.002563
0.002262
0.002459
0.000959
5.3e-05
0.000154
0.003361
0.000354
-0.000846
0.000154
-4.7e-05
0.002559
0.001056
0.000254
-0.002954
-0.00235
0.000357
-0.001851
-0.001751
-0.001551
-0.000548
0.003762
0.000157
0.002362
0.001259
0.003543
0.001939
0.001739
0.005849
0.001134
0.003239
-0.001573
-0.002976
-0.000169
-0.00057
0.000733
0.001836
0.004141
0.004242
0.00374
-0.000768
0.000934
-0.001372
0.003443
0.002039
0.002641
0.000633
0.002538
0.00063
0.002237
0.000529
-0.002177
-0.000273
0.001234
0.001031
0.000432
-0.000373
0.000633
0.000633
0.000128
0.002835
-0.001576
0.004542
0.003437
-0.001476
-0.000674
0.000329
-0.000974
0.000329
-0.002378
-7.2e-05
-0.000774
-0.001175
-0.002891
-0.000686
-0.003289
-8.5e-05
0.003625
-0.000586
0.00032
0.000417
-0.001488
-0.00229
-0.000786
1.9e-05
0.005128
0.00062
1.6e-05
0.00162
0.00302
0.002215
0.001215
0.002017
0.001717
0.001316
0.000818
0.000417
0.000414
0.001219
0.00292
0.002519
0.005526
0.002014
-0.001194
0.00302
0.002819
-0.001093
-0.002193
0.000912
0.001215
0.001513
0.002014
-0.000388
0.002716
0.003521
0.00432
-0.001595
-0.001695
0.002014
-0.000793
-0.002393
0.004098
0.000385
0.001591
0.00229
-0.000216
0.001789
0.00209
0.001087
0.001792
-0.001215
0.000987
-0.000414
0.001792
0.000583
-0.000921
0.003292
0.003487
0.003289
0.001986
0.002888
-0.002929
-0.000921
0.001084
-0.002826
-0.00032
0.004893
0.002086
0.00339
0.00339
0.001786
-0.001021
0.001382
0.001485
0.003286
0.004693
0.003891
-0.000122
0.000179
-0.000623
0.002584
0.005191
-2.2e-05
0.003286
0.004192
0.00088
-0.001529
-0.00193
0.004389
0.003296
0.002791
0.003393
-0.000818
0.001789
0.001388
0.001588
0.001588
0.004495
0.001789
0.000285
-0.00162
-0.000116
0.00219
0.001682
-1.9e-05
0.002187
0.002691
0.000185
0.000382
-0.000821
-0.003023
-0.000721
-0.000119
-0.002625
0.000185
0.002387
0.001986
8.1e-05
-0.000721
-0.00042
0.002086
-0.000721
0.000486
-0.001219
0.001588
-0.000119
-0.000717
0.002588
0.000385
0.000182
0.00369
0.001187
0.002688
-0.003628
0.000482
-0.000717
-0.00062
-0.000442
-0.001444
6.3e-05
-0.001544
-0.001742
0.002666
6.3e-05
-0.002848
-0.002343
-0.00084
-0.000442
-0.00104
-0.000639
0.000768
-4.1e-05
-0.001244
-0.002046
-0.002343
-0.001638
0.000764
-0.001742
6.6e-05
0.001369
-0.00084
-0.005551
-0.001942
-0.000639
-0.000138
0.001065
-0.001742
0.001366
0.002873
-0.001137
-0.003744
0.000166
0.00177
0.000363
0.000464
-0.000736
0.003374
0.003173
0.001466
-0.001241
-0.001341
-0.001638
-0.001942
-0.002043
-0.000836
-0.000739
-0.00385
-0.002848
0.00036
-0.000642
-0.002444
0.000561
-0.002246
-0.00395
-0.001942
-0.000442
-0.005053
-0.001441
0.002669
-0.001244
6.6e-05
-0.00495
-0.001541
0.00197
0.000467
-0.00114
0.000667
0.002071
-0.000135
-0.00094
0.001967
6.3e-05
-0.001642
6.3e-05
-0.000235
-0.00214
0.000166
-0.001942
-0.003446
-0.001642
0.000664
0.003173
0.001667
0.000166
0.00197
0.000467
-0.000338
-0.000439
-0.000539
-0.000439
-0.001842
0.00177
0.000363
-0.001031
-0.002732
-0.001328
-0.000824
0.00078
0.000279
0.001081
-0.00333
0.00058
0.004787
-0.000727
0.002785
-0.002033
-0.001131
0.001682
-0.000627
-0.004138
-0.001325
-0.004333
-0.003433
0.001482
-0.001526
-0.002431
-0.000423
0.002682
0.000379
-0.001225
7.8e-05
0.000981
-0.000627
0.00198
0.001378
-0.002331
-0.000426
0.001178
0.00218
-0.000122
-0.002631
0.00208
-0.000727
0.001479
0.002979
0.000877
0.002785
0.002985
-0.00073
-0.001629
-0.001328
-0.003249
-0.00375
0.000561
0.00136
0.001162
0.002262
-0.002751
0.000858
0.002262
0.001262
-0.000244
0.00026
-0.002447
-0.002346
-0.000345
0.000758
-0.00265
-0.000247
-0.001046
0.002663
6e-05
-0.001247
0.001162
-0.001347
0.000561
-0.000241
-0.000144
5.6e-05
0.003365
0.003064
0.000658
0.001363
0.000758
0.000758
0.000561
0.00026
-0.001244
0.001062
0.00156
0.000755
-0.003355
-0.000545
-0.001444
-0.002346
-0.002447
-0.000144
-0.004354
-0.003352
0.000955
-0.000551
-0.004862
-0.003255
-0.002049
0.001761
0.001657
-0.004057
-0.003355
0.000855
0.000658
5.3e-05
-0.000849
0.000755
0.000354
-0.000545
-0.002052
-0.000247
0.002362
0.002964
0.002459
-0.003756
-0.003054
0.000755
-0.000749
-0.001551
-0.001851
-0.000846
0.00276
-0.000849
-0.005059
-0.000144
0.002162
0.003665
0.00567
0.002964
0.000855
0.000457
-0.000147
-4.7e-05
-0.001447
-0.000545
-0.002453
-0.002249
-0.000147
-0.002052
-0.001848
-0.000846
-0.004881
-0.000965
-0.001065
-0.002469
0.000937
0.001742
0.004148
0.000238
0.00094
-0.000163
0.000636
0.001241
-0.000367
-0.00187
-0.005279
0.000739
-0.000166
-0.003571
-0.003972
-0.001569
-0.002772
0.001739
-0.000367
-0.003073
0.000138
0.002644
-0.000163
-0.001569
-0.000464
-0.003972
-0.000166
0.000739
0.00094
-6.3e-05
0.000439
-0.003173
-0.003073
-0.002666
-0.001062
-0.000761
-0.000163
0.000742
-0.000962
-0.002666
-0.002866
-0.001463
0.000642
0.002644
-0.003975
-0.001071
0.000232
0.001435
0.001438
0.002541
-0.002071
0.000432
0.003142
-0.00067
-0.002976
-0.004179
-0.000768
-0.000968
-0.003173
-0.002769
-0.003173
0.000332
-0.000266
-0.000971
0.000335
0.000432
0.001538
-0.002274
-0.002371
-0.000163
-0.005777
-0.004774
-0.002371
-0.002171
-0.00197
-0.000868
-0.00177
0.000235
-0.00197
0.00104
-0.000768
-0.001566
0.000539
0.001341
-0.001466
0.001037
-0.002071
-0.000166
-6.6e-05
0.00114
0.00224
-6.6e-05
-0.000279
-0.001178
0.00193
-0.000279
-7.5e-05
-0.002384
-0.001779
-0.000175
-0.000981
0.001225
0.00213
-0.001078
-0.001278
-0.002584
-0.002584
-0.002785
-0.001178
0.000526
-0.003784
-0.000977
0.003537
2.5e-05
-0.002682
-0.00218
0.000526
0.001732
0.002234
0.001028
-0.001078
-0.002785
-0.000573
-0.001679
-0.002779
-0.001876
0.000727
0.001028
0.000229
-0.001977
-0.002277
-0.002979
-0.000674
-0.002478
-0.001375
-0.000774
-0.00338
-0.001579
0.00083
0.001432
-0.001087
-0.000185
-0.000182
-0.001889
-0.001388
-0.001087
-0.001488
-0.00239
0.002121
0.001118
-0.004292
0.000517
0.004126
-0.001084
-0.000182
0.000219
0.001018
-0.000887
-0.001488
0.003026
0.004026
-0.001989
-0.001886
-0.001585
-0.001889
-0.000984
-0.003089
-0.002086
0.003324
0.001322
-0.002888
0.000918
0.000116
-0.001491
-0.00209
0.001018
0.000517
-0.003289
-0.003693
-0.001883
-8.1e-05
-0.001682
-0.000783
-0.001883
0.002328
0.003126
-0.002384
1.9e-05
-0.002982
0.001429
0.002729
0.000426
-0.001081
-0.000276
0.002331
0.002127
0.001723
-0.002287
-0.001181
-0.002184
-0.002982
0.000526
0.000222
-0.004486
-0.001378
0.002127
0.00343
0.002631
0.001028
-0.001084
-0.001078
-0.000179
-0.001382
0.000426
0.000125
-0.003587
-0.000677
0.000623
-7.8e-05
-0.001382
0.001028
-0.001779
0.002027
0.002829
-0.001181
-0.004188
0.000423
0.000924
-0.001983
0.002829
0.004436
0.000627
-0.000576
-0.002384
-0.001582
-0.001679
0.000229
-0.004386
0.000128
0.002033
-0.003377
-0.00328
-0.001272
-0.003076
0.002237
0.002735
-0.001275
-0.001375
-0.001272
0.000533
-0.000467
-0.002976
-0.003177
-0.000871
-0.001472
-0.000768
-0.002678
-0.000269
0.003136
0.000733
-0.00167
-0.006685
-0.008086
-0.004777
-0.003675
-0.005783
-0.006281
-0.004276
-0.004774
-0.00317
-0.002973
-0.005877
-0.005175
-0.002265
-0.000764
-0.001162
-0.001864
-0.002465
-0.000263
-0.002268
-0.001366
-0.002268
-0.003866
-0.003471
-0.005006
-0.000392
0.000313
-0.004699
-0.002794
-0.007105
-0.005698
-0.0062
-0.007403
-0.006497
-0.008302
-0.010003
-0.010899
-0.01421
-0.014508
-0.015009
-0.014201
-0.019511
-0.019009
-0.019304
-0.020303
-0.022603
-0.025908
-0.029015
-0.031816
-0.028505
-0.030303
-0.031703
-0.038116
-0.039112
-0.038705
-0.041004
-0.043203
-0.050916
-0.050008
-0.052908
-0.051499
-0.053795
-0.055292
-0.054785
-0.054678
-0.058579
-0.06178
-0.065383
-0.068782
-0.067764
-0.068967
-0.068356
0.089261
0.092857
0.094946
0.099552
0.095332
0.098725
0.093903
0.100808
0.096591
0.099884
0.102882
0.099063
0.097944
0.099138
0.099733
0.093809
0.094094
0.096394
0.090767
0.088352
0.085138
0.090037
0.083117
0.081704
0.079286
0.073763
0.071551
0.071147
0.068134
0.062918
0.059299
0.052974
0.05127
0.046753
0.040337
0.037126
0.035415
0.033608
0.02749
0.023082
0.014758
0.006839
0.011347
0.007741
0.000821
-0.00479
-0.009201
-0.012102
0.029573
0.031772
0.032267
0.03467
0.04018
0.04248
0.043178
0.045374
0.04597
0.048968
0.052971
0.058178
0.057874
0.059672
0.06277
0.063265
0.575114
0.571941
0.573075
0.573504
0.571728
0.574466
0.576599
0.576934
0.575155
0.57549
0.572511
0.575947
0.577084
0.572097
0.572028
0.575668
0.5759
0.578431
0.577958
0.578093
0.579324
0.575343
0.579885
0.576408
0.578441
0.582081
0.579703
0.577323
0.580061
0.582595
0.58122
0.581251
0.579775
0.58101
0.579133
0.578961
0.582902
0.579121
0.581658
0.584794
0.583917
0.585953
0.585176
0.587917
0.586642
0.584766
0.584894
0.58402
0.686015
0.689236
0.68885
0.686661
0.689486
0.690006
0.685912
0.688735
0.689449
0.689966
0.689283
0.685088
0.688616
0.688428
0.69135
0.689862
0.689079
0.688694
0.689712
0.689627
0.690545
0.69016
0.690273
0.687384
0.689605
0.690523
0.689941
0.689753
0.688262
0.686476
0.693111
0.692923
0.691438
0.693061
0.693775
0.693788
0.695608
0.691513
0.691933
0.694753
0.694868
0.693781
0.695702
0.693008
0.691927
0.693744
0.698772
0.697281
0.772416
0.772823
0.770022
0.76652
0.764622
0.76954
0.770646
0.76845
0.768556
0.76335
0.766767
0.768375
0.77069
0.772397
0.767594
0.768804
0.771914
0.773421
0.775937
0.767319
0.77194
0.773149
0.772955
0.771858
0.773067
0.773074
0.771373
0.772983
0.775595
0.775201
0.773998
0.77661
0.77371
0.773017
0.770618
0.769819
0.768124
0.771936
0.775047
0.775454
0.772955
0.771958
0.779684
0.778794
0.77729
0.775589
0.773995
0.776905
0.885855
0.887449
0.886939
0.886729
0.886522
0.88441
0.886707
0.889404
0.891703
0.8943
0.889683
0.885961
0.889263
0.891763
0.894253
0.89114
0.888527
0.891425
0.891315
0.893013
0.893605
0.893094
0.890278
0.893376
0.894272
0.895566
0.893649
0.891634
0.895735
0.890817
0.896424
0.894307
0.891992
0.895294
0.893079
0.897283
0.895569
0.894855
0.895848
0.897339
0.89733
0.894416
0.896111
0.8956
0.898198
0.895278
0.895369
0.894661
0.96895
0.968233
0.964605
0.968195
0.96848
0.968458
0.967941
0.969526
0.967406
0.968189
0.965363
0.96645
0.970241
0.970122
0.967897
0.968383
0.966757
0.969846
0.965015
0.970316
0.968192
0.965767
0.969461
0.968439
0.96832
0.966895
0.966579
0.971672
0.970852
0.969931
0.969414
0.964984
0.96817
0.970864
0.969041
0.967919
0.968605
0.969486
0.970773
0.971657
0.970234
0.969213
0.9713
0.975494
0.973671
0.971046
0.971127
0.9677
0.997925
0.9956
0.996884
0.998166
0.997138
0.997918
0.996192
0.999284
0.99956
0.99934
0.997715
0.998488
0.999071
0.996342
0.995118
1.000108
0.999585
0.998961
0.999745
0.999021
0.998899
0.998476
1.00096
1.001139
0.997909
1.001696
1.000271
0.997238
0.998921
0.998197
0.997076
0.99966
0.998936
0.998914
0.998194
0.995866
0.997047
0.997223
0.999911
0.999989
1.00097
1.000644
0.996311
0.998799
0.998172
0.99966
0.999735
1.001518
1.015283
1.01496
1.015236
1.015013
1.0195
1.017072
1.018553
1.017824
1.013886
1.012864
1.013845
1.01793
1.017103
1.018782
1.016555
1.017629
1.015205
1.014077
1.012548
1.016536
1.017009
1.015787
1.016564
1.017545
1.020427
1.019597
1.020775
1.017946
1.014713
1.013485
1.017172
1.022059
1.019835
1.015098
1.013569
1.015148
1.018331
1.019615
1.021091
1.020063
1.021044
1.018613
1.019691
1.018463
1.017839
1.018516
1.019393
1.024581
1.083949
1.08632
1.086089
1.085653
1.080707
1.080678
1.081249
1.085227
1.083889
1.086866
1.087934
1.085794
1.084663
1.087135
1.088407
1.086969
1.088742
1.088507
1.090481
1.086934
1.086502
1.089378
1.090048
1.092122
1.087978
1.090349
1.090515
1.093992
1.091756
1.089616
1.091887
1.094459
1.095026
1.094594
1.091455
1.090318
1.091289
1.094462
1.093927
1.094196
1.094359
1.096831
1.096499
1.097066
1.093325
1.094694
1.096063
1.095127
1.257426
1.262185
1.261129
1.259372
1.258821
1.26408
1.263516
1.26206
1.264716
1.265562
1.261195
1.265152
1.266001
1.266048
1.270004
1.264835
1.266279
1.269534
1.272789
1.271934
1.270875
1.273124
1.270462
1.272611
1.274061
1.273203
1.272846
1.277297
1.277344
1.277091
1.277736
1.275374
1.27632
1.278369
1.279014
1.27996
1.278203
1.278344
1.285505
1.285953
1.283488
1.283334
1.280267
1.282917
1.287472
1.286811
1.285251
1.284196
1.65339
1.650385
1.654586
1.654182
1.658593
1.661497
1.657384
1.66109
1.659586
1.664696
1.662584
1.66389
1.659774
1.663881
1.667684
1.669886
1.673592
1.667976
1.673386
1.674482
1.669366
1.672671
1.672462
1.67587
1.680879
1.678063
1.683072
1.678257
1.678949
1.677947
1.681446
1.689062
1.686449
1.689851
1.686136
1.687934
1.687925
1.69273
1.688116
1.68951
1.692614
1.692812
1.698717
1.693896
1.696496
1.696085
1.701092
1.703391
2.118818
2.118658
2.115087
2.11904
2.119078
2.121731
2.12508
2.125321
2.125763
2.123899
2.12935
2.127386
2.12342
2.124566
2.12721
2.133664
2.135108
2.133945
2.127573
2.130716
2.134738
2.139866
2.138999
2.136145
2.130384
2.138284
2.141928
2.146749
2.131819
2.151219
2.120957
2.156529
2.156999
2.128961
2.149421
2.135277
2.1509
2.152892
2.145261
2.154258
2.145374
2.155615
2.145555
2.161896
2.156868
2.158772
2.158224
2.153845
2.391627
2.391937
2.394848
2.392949
2.390954
2.392974
2.39388
2.390377
2.393197
2.396214
2.393513
2.392417
2.397138
2.394942
2.396151
2.403077
2.395966
2.397185
2.397883
2.393184
2.40101
2.402326
2.399121
2.398729
2.401238
2.403256
2.404666
2.402062
2.397363
2.401282
2.402592
2.400086
2.404509
2.40251
2.400932
2.403002
2.401242
2.405756
2.406658
2.401452
2.402654
2.398682
2.408588
2.399077
2.40549
2.401104
2.404916
2.407213
2.299657
2.295575
2.293498
2.29383
2.294046
2.290534
2.290087
2.285096
2.295425
2.284918
2.29477
2.284288
2.290597
2.282696
2.287132
2.281259
2.279767
2.281675
2.277906
2.280143
2.279059
2.276957
2.276387
2.273023
2.27614
2.279166
2.275275
2.274517
2.274128
2.276146
2.274072
2.271096
2.270021
2.272227
2.270657
2.266481
2.262895
2.265213
2.269552
2.262572
2.261688
2.259495
2.264633
2.260564
2.257277
2.257992
2.25802
2.258058
1.8781
1.88018
1.879447
1.877511
1.881088
1.875252
1.879334
1.87409
1.87877
1.878341
1.879819
1.873272
1.869936
1.874522
1.871471
1.871377
1.866803
1.867599
1.866167
1.870838
1.869322
1.869171
1.862057
1.86742
1.863893
1.877091
1.862132
1.862918
1.860964
1.862464
1.865835
1.865211
1.860669
1.858533
1.860127
1.861089
1.86117
1.863736
1.854306
1.854072
1.850228
1.855425
1.85159
1.855782
1.850228
1.849106
1.847477
1.847753
1.610333
1.608228
1.598216
1.593705
1.594614
1.602242
1.604146
1.60737
1.58952
1.592342
1.596039
1.602176
1.600779
1.592649
1.590763
1.594366
1.596089
1.602298
1.591287
1.590992
1.583176
1.598921
1.622983
1.55022
1.629418
1.560655
1.622106
1.578812
1.598464
1.594761
1.579022
1.609109
1.577333
1.607715
1.564615
1.595096
1.580071
1.595813
1.591512
1.57838
1.597242
1.578799
1.600857
1.576409
1.592251
1.581635
1.586647
1.586262
1.588047
1.597489
1.593376
1.590773
1.587681
1.589993
1.595209
1.592696
1.593013
1.5842
1.593827
1.595334
1.596142
1.587834
1.589338
1.585629
1.591456
1.591468
1.594476
1.593871
1.594585
1.597705
1.59009
1.597508
1.594911
1.601136
1.598733
1.597727
1.597533
1.596543
1.601061
1.59665
1.604171
1.601578
1.602881
1.598072
1.598172
1.606906
1.599792
1.606107
1.602505
1.602307
1.600613
1.601916
1.603022
1.602032
1.603438
1.606747
1.83395
1.829019
1.819477
1.829878
1.832957
1.837944
1.826704
1.826372
1.823941
1.82572
1.829815
1.831898
1.833872
1.829345
1.828318
1.833909
1.837891
1.829448
1.828524
1.834718
1.839
1.843489
1.834144
1.838825
1.835896
1.839576
1.839357
1.839132
1.838104
1.836372
1.843771
1.840538
1.844116
1.841491
1.847982
1.847859
1.850234
1.845898
1.843671
1.850763
1.847935
1.849808
1.842769
1.852869
1.849824
1.848113
1.852787
1.853664
2.005971
2.006325
2.001773
2.00754
2.008399
2.014868
2.007913
2.002653
2.007118
2.003458
2.009733
2.002876
2.000821
2.000977
2.007146
2.007509
2.009667
2.005119
1.999248
2.007935
2.008183
2.013154
2.001491
2.005939
2.006409
2.015673
2.009028
2.008875
1.997704
2.007688
2.007838
2.008605
2.008646
2.004802
2.00546
2.006416
2.011685
2.011935
2.007894
2.005335
2.001573
2.011453
2.009007
2.01057
2.004806
2.004965
2.006823
2.010491
1.986341
1.992112
1.994377
1.991526
1.991488
1.994753
1.987889
1.991357
1.988703
1.990971
1.987021
1.98417
1.984922
1.986889
1.991567
1.983196
1.980355
1.984114
1.988186
1.989352
1.986701
1.980539
1.982504
1.989784
1.994045
1.977873
1.988847
1.985408
1.983353
1.990533
1.976959
1.985035
1.981589
1.991266
1.980402
1.986175
1.97751
1.981179
1.987748
1.981999
1.982153
1.972592
1.981771
1.975314
1.981793
1.979139
1.975392
1.975051
1.794741
1.798525
1.785882
1.792476
1.790155
1.79164
1.789816
1.7884
1.784967
1.782251
1.791452
1.787523
1.783899
1.784077
1.781261
1.784544
1.780625
1.782705
1.781192
1.777862
1.780553
1.774723
1.779422
1.775293
1.782689
1.779071
1.777749
1.77102
1.774707
1.772286
1.775581
1.77747
1.777348
1.77222
1.771706
1.776997
1.772884
1.76925
1.765829
1.768921
1.775221
1.766186
1.76707
1.767355
1.773454
1.764219
1.772821
1.763382
1.478665
1.474981
1.477704
1.471814
1.469725
1.474759
1.472475
1.471792
1.465602
1.465721
1.46605
1.47198
1.465188
1.461401
1.460818
1.464653
1.46417
1.460984
1.462109
1.454011
1.458243
1.456363
1.455988
1.451295
1.449819
1.456959
1.453275
1.454402
1.456429
1.458954
1.453663
1.454891
1.453312
1.450126
1.455665
1.44596
1.451298
1.446113
1.445737
1.442053
1.442175
1.447009
1.444428
1.446257
1.441467
1.446104
1.442921
1.44164
1.111279
1.110546
1.106295
1.107162
1.106329
1.106091
1.105959
1.104321
1.103284
1.103751
1.101213
1.101577
1.101542
1.103112
1.101774
1.095628
-0.847432
-0.847328
-0.848124
-0.850831
-0.852031
-0.850323
-0.851219
-0.851313
-0.854615
-0.853512
-0.85391
-0.849192
-0.848892
-0.852197
-0.855295
-0.853487
-0.852482
-0.853979
-0.853278
-0.856683
-0.857679
-0.853866
-0.855364
-0.855358
-0.853754
-0.857359
-0.86026
-0.855943
-0.856542
-0.855937
-0.856933
-0.856022
-0.857024
-0.859023
-0.859721
-0.859615
-0.855602
-0.855195
-0.858597
-0.858694
-0.855881
-0.85698
-0.864095
-0.863691
-0.862281
-0.860273
-0.86157
-0.859057
-0.959621
-0.959408
-0.957581
-0.958064
-0.959755
-0.962243
-0.962525
-0.957597
-0.958881
-0.962979
-0.963562
-0.964649
-0.961121
-0.961807
-0.964893
-0.966381
-0.965263
-0.965144
-0.965325
-0.964505
-0.966792
-0.963969
-0.964852
-0.964235
-0.964918
-0.966801
-0.969091
-0.966168
-0.965351
-0.965535
-0.969125
-0.968101
-0.968383
-0.967966
-0.965842
-0.967932
-0.967713
-0.969999
-0.971284
-0.966453
-0.96453
-0.967218
-0.969107
-0.970892
-0.968267
-0.968051
-0.970037
-0.967713
-1.062706
-1.06077
-1.059241
-1.063417
-1.062086
-1.062155
-1.06634
-1.062703
-1.062972
-1.064044
-1.06602
-1.06118
-1.061747
-1.061816
-1.062092
-1.066973
-1.065341
-1.060898
-1.06077
-1.059335
-1.063317
-1.062684
-1.057941
-1.064229
-1.068815
-1.06748
-1.06494
-1.063806
-1.063978
-1.063549
-1.064924
-1.065594
-1.068567
-1.071045
-1.06821
-1.065876
-1.064438
-1.066212
-1.069194
-1.071769
-1.069639
-1.071208
-1.068971
-1.072348
-1.068711
-1.068777
-1.067743
-1.070221
-1.106345
-1.106912
-1.106376
-1.107341
-1.109615
-1.109875
-1.112347
-1.105797
-1.106965
-1.109437
-1.110903
-1.109869
-1.10522
-1.104885
-1.107557
-1.10662
-1.104879
-1.106652
-1.105715
-1.109888
-1.108249
-1.108917
-1.10778
-1.104835
-1.108409
-1.109976
-1.105931
-1.108202
-1.106263
-1.105126
-1.106592
-1.111373
-1.110533
-1.109299
-1.107059
-1.105217
-1.109593
-1.111962
-1.110327
-1.109988
-1.106542
-1.110016
-1.108979
-1.107141
-1.109108
-1.109174
-1.112848
-1.110408
-1.108691
-1.109759
-1.109123
-1.109487
-1.10845
-1.108817
-1.111887
-1.113356
-1.110117
-1.111081
-1.113246
-1.109803
-1.108165
-1.109838
-1.109897
-1.11167
-1.10903
-1.109998
-1.110558
-1.108318
-1.108785
-1.112062
-1.110919
-1.112989
-1.111652
-1.111113
-1.111379
-1.108437
-1.110608
-1.112375
-1.114145
-1.111006
-1.110063
-1.10762
-1.111899
-1.111461
-1.110223
-1.111592
-1.110555
-1.112519
-1.111683
-1.113155
-1.111614
-1.106166
-1.109944
-1.110107
-1.109669
-1.109534
-1.10126
-1.10143
-1.100092
-1.101464
-1.102529
-1.101693
-1.097345
-1.099716
-1.106097
-1.102257
-1.103826
-1.100784
-1.10105
-1.104725
-1.101683
-1.101154
-1.097611
-1.102586
-1.104052
-1.101314
-1.103084
-1.101044
-1.098804
-1.099672
-1.101242
-1.099002
-1.097467
-1.096931
-1.100502
-1.105684
-1.10174
-1.097796
-1.098463
-1.101038
-1.0994
-1.100465
-1.099428
-1.099293
-1.100264
-1.101332
-1.101602
-1.09856
-1.100133
-1.103604
-1.101765
-1.102128
-1.102094
-1.104064
-1.090781
-1.088545
-1.08821
-1.089077
-1.09085
-1.093322
-1.089284
-1.085938
-1.089115
-1.087276
-1.087642
-1.089319
-1.086176
-1.08795
-1.088119
-1.088482
-1.089052
-1.085111
-1.086784
-1.086051
-1.088723
-1.092298
-1.090863
-1.08752
-1.08669
-1.087758
-1.089832
-1.092006
-1.090969
-1.086825
-1.087893
-1.08716
-1.090537
-1.09351
-1.090672
-1.088736
-1.087996
-1.083955
-1.08623
-1.088805
-1.08727
-1.08934
-1.092213
-1.089478
-1.088441
-1.08841
-1.084867
-1.087837
-1.090781
-1.088545
-1.08821
-1.089077
-1.09085
-1.093322
-1.089284
-1.085938
-1.089115
-1.087276
-1.087642
-1.089319
-1.086176
-1.08795
-1.088119
-1.088482
-1.089052
-1.085111
-1.086784
-1.086051
-1.088723
-1.092298
-1.090863
-1.08752
-1.08669
-1.087758
-1.089832
-1.092006
-1.090969
-1.086825
-1.087893
-1.08716
-1.090537
-1.09351
-1.090672
-1.088736
-1.087996
-1.083955
-1.08623
-1.088805
-1.08727
-1.08934
-1.092213
-1.089478
-1.088441
-1.08841
-1.084867
-1.087837
-1.06478
-1.065547
-1.068028
-1.067894
-1.067364
-1.070741
-1.068107
-1.068881
-1.068348
-1.070225
-1.070193
-1.065247
-1.070431
-1.070801
-1.069767
-1.071139
-1.071315
-1.068677
-1.066036
-1.068514
-1.065879
-1.063947
-1.06692
-1.067092
-1.068263
-1.067631
-1.065297
-1.065065
-1.06514
-1.06962
-1.069488
-1.064348
-1.06191
-1.066089
-1.06957
-1.07004
-1.069009
-1.069679
-1.069347
-1.070018
-1.064172
-1.066951
-1.066519
-1.064683
-1.067963
-1.066732
-1.067201
-1.064667
-1.050141
-1.049511
-1.049577
-1.049953
-1.050429
-1.049997
-1.051472
-1.050542
-1.052922
-1.050789
-1.051663
-1.050125
-1.049799
-1.054887
-1.055159
-1.050419
-1.050091
-1.051062
-1.050232
-1.049003
-1.051284
-1.046541
-1.049721
-1.054705
-1.051673
-1.04974
-1.049511
-1.050683
-1.052963
-1.051027
-1.054107
-1.049367
-1.049138
-1.049909
-1.049683
-1.049257
-1.048831
-1.049198
-1.05228
-1.05255
-1.049718
-1.04989
-1.049661
-1.049232
-1.053615
-1.053486
-1.051052
-1.050824
-1.050141
-1.049511
-1.049577
-1.049953
-1.050429
-1.049997
-1.051472
-1.050542
-1.052922
-1.050789
-1.051663
-1.050125
-1.049799
-1.054887
-1.055159
-1.050419
-1.050091
-1.051062
-1.050232
-1.049003
-1.051284
-1.046541
-1.049721
-1.054705
-1.051673
-1.04974
-1.049511
-1.050683
-1.052963
-1.051027
-1.054107
-1.049367
-1.049138
-1.049909
-1.049683
-1.049257
-1.048831
-1.049198
-1.05228
-1.05255
-1.049718
-1.04989
-1.049661
-1.049232
-1.053615
-1.053486
-1.051052
-1.050824
-0.980541
-0.977518
-0.976797
-0.978282
-0.977458
-0.978141
-0.976422
-0.977205
-0.977186
-0.974056
-0.978749
-0.982136
-0.97791
-0.97468
-0.972155
-0.976948
-0.977534
-0.974507
-0.973684
-0.972766
-0.976553
-0.976635
-0.979128
-0.973893
-0.974573
-0.979767
-0.978545
-0.975422
-0.971794
-0.975084
-0.971854
-0.974445
-0.975629
-0.9714
-0.970175
-0.976572
-0.977355
-0.976437
-0.974113
-0.971688
-0.973073
-0.972549
-0.976443
-0.97061
-0.968289
-0.970977
-0.973361
-0.975247
-0.931805
-0.930487
-0.92867
-0.933369
-0.931849
-0.931539
-0.928416
-0.930809
-0.929791
-0.931282
-0.932075
-0.930455
-0.929036
-0.928018
-0.930615
-0.933613
-0.929885
-0.92907
-0.931965
-0.930142
-0.932037
-0.929819
-0.927902
-0.929193
-0.929778
-0.932369
-0.928149
-0.926232
-0.928522
-0.927908
-0.932106
-0.93059
-0.929274
-0.923742
-0.92704
-0.931639
-0.93303
-0.930411
-0.926787
-0.930082
-0.929569
-0.927752
-0.928641
-0.928425
-0.929412
-0.930803
-0.928889
-0.926574
-0.899473
-0.897959
-0.899357
-0.897242
-0.901644
-0.896121
-0.897715
-0.89961
-0.896897
-0.896684
-0.894269
-0.89847
-0.899764
-0.897649
-0.89343
-0.898733
-0.895319
-0.895008
-0.896002
-0.89499
-0.895481
-0.899482
-0.895062
-0.895153
-0.898348
-0.896337
-0.900434
-0.900929
-0.896606
-0.896099
-0.893279
-0.893577
-0.895071
-0.894858
-0.893646
-0.893238
-0.894031
-0.898432
-0.897421
-0.895008
-0.894297
-0.893686
-0.897186
-0.89457
-0.897468
-0.900466
-0.893442
-0.894131
-0.848979
-0.847974
-0.848466
-0.850471
-0.848459
-0.848556
-0.850662
-0.850258
-0.84434
-0.843535
-0.844537
-0.846937
-0.844027
-0.845424
-0.848331
-0.847325
-0.848625
-0.848121
-0.848318
-0.845906
-0.847306
-0.845502
-0.840787
-0.843591
-0.846495
-0.84579
-0.844688
-0.844086
-0.84398
-0.844277
-0.845277
-0.84808
-0.846473
-0.844064
-0.842557
-0.841251
-0.845558
-0.847059
-0.841943
-0.838435
-0.841536
-0.844944
-0.841633
-0.839027
-0.839425
-0.841727
-0.838713
-0.841423
-0.795322
-0.792919
-0.788615
-0.789517
-0.791024
-0.790025
-0.791431
-0.788834
-0.790238
-0.793449
-0.79796
-0.791751
-0.78995
-0.788054
-0.787252
-0.790266
-0.791071
-0.792478
-0.788972
-0.788875
-0.791685
-0.792791
-0.791193
-0.790495
-0.790498
-0.792105
-0.787901
-0.786103
-0.791018
-0.78801
-0.79062
-0.788822
-0.788223
-0.784621
-0.785927
-0.786732
-0.788039
-0.785839
-0.78193
-0.785849
-0.786253
-0.787359
-0.786262
-0.786265
-0.783061
-0.788985
-0.788283
-0.786886
-0.736712
-0.739331
-0.740644
-0.735541
-0.734049
-0.739673
-0.740788
-0.73789
-0.740105
-0.738808
-0.73571
-0.735923
-0.73934
-0.738153
-0.736956
-0.737467
-0.740684
-0.740493
-0.736095
-0.73841
-0.737116
-0.740932
-0.740443
-0.739153
-0.735653
-0.735462
-0.737383
-0.737289
-0.735594
-0.73731
-0.735014
-0.736828
-0.739547
-0.740562
-0.736859
-0.733661
-0.735177
-0.735287
-0.735296
-0.738213
-0.735318
-0.734425
-0.738846
-0.737859
-0.734757
-0.736872
-0.739294
-0.733886
-0.699561
-0.699173
-0.696682
-0.697099
-0.699016
-0.698831
-0.697845
-0.700066
-0.696873
-0.694079
-0.694696
-0.694211
-0.693728
-0.696147
-0.695464
-0.696479
-0.697597
-0.695407
-0.696325
-0.697143
-0.695251
-0.696673
-0.701099
-0.696701
-0.695414
-0.693822
-0.693236
-0.696961
-0.697177
-0.695689
-0.693302
-0.695019
-0.692431
-0.692945
-0.692359
-0.690871
-0.693894
-0.694107
-0.693424
-0.693142
-0.694962
-0.692469
-0.689577
-0.694505
-0.692415
-0.690426
-0.692347
-0.695373
-0.661596
-0.665925
-0.665142
-0.664058
-0.662376
-0.662598
-0.660709
-0.663839
-0.665261
-0.664976
-0.662793
-0.665017
-0.664735
-0.662551
-0.663873
-0.661884
-0.660199
-0.661624
-0.659437
-0.660659
-0.662185
-0.661104
-0.659318
-0.664049
-0.658353
-0.65737
-0.659798
-0.660214
-0.662542
-0.664265
-0.660775
-0.660189
-0.658313
-0.658021
-0.658955
-0.657658
-0.659293
-0.660008
-0.66013
-0.65805
-0.661073
-0.658388
-0.667727
-0.6468
-0.672278
-0.655957
-0.66721
-0.661912
-0.634128
-0.634347
-0.63628
-0.635804
-0.635021
-0.633336
-0.633962
-0.635591
-0.636014
-0.634131
-0.63686
-0.635879
-0.63801
-0.633217
-0.631337
-0.63166
-0.634692
-0.639025
-0.635842
-0.634761
-0.633176
-0.634604
-0.63613
-0.63826
-0.638884
-0.636196
-0.634313
-0.63504
-0.635062
-0.633984
-0.631703
-0.632928
-0.63395
-0.635879
-0.635801
-0.634824
-0.633843
-0.635572
-0.633486
-0.634313
-0.632427
-0.634156
-0.633079
-0.6329
-0.63503
-0.631443
-0.63477
-0.635394
-0.611034
-0.610962
-0.612794
-0.616328
-0.612945
-0.61016
-0.610689
-0.610912
-0.612838
-0.614874
-0.613095
-0.611616
-0.61385
-0.610868
-0.612898
-0.612819
-0.61124
-0.613274
-0.610695
-0.616331
-0.613051
-0.612776
-0.61671
-0.612923
-0.611046
-0.61047
-0.611197
-0.612127
-0.611651
-0.610272
-0.609593
-0.608819
-0.607641
-0.60927
-0.612302
-0.610626
-0.608947
-0.611779
-0.612005
-0.609624
-0.609051
-0.612083
-0.61271
-0.612735
-0.611958
-0.610479
-0.61432
-0.614445
-0.571962
-0.56909
-0.569723
-0.567144
-0.565672
-0.565305
-0.565033
-0.57018
-0.574215
-0.570337
-0.57117
-0.572802
-0.572232
-0.571164
-0.571392
-0.572724
0.828278
0.821963
0.823567
0.824469
0.826674
0.826772
0.824269
0.823667
0.829776
0.828075
0.829177
0.828169
0.82757
0.830979
0.831073
0.825158
0.829168
0.82887
0.82325
0.829967
0.830368
0.828961
0.831668
0.829062
0.827658
0.829757
0.831662
0.829259
0.83096
0.828755
0.830155
0.828651
0.833764
0.832457
0.834162
0.831953
0.835759
0.835358
0.831746
0.832251
0.834453
0.836458
0.83435
0.829738
0.831837
0.833341
0.834036
0.834741
0.902903
0.903692
0.90118
0.899664
0.902361
0.901349
0.902743
0.903836
0.904623
0.903216
0.905209
0.904197
0.899573
0.901568
0.900657
0.906963
0.900337
0.906343
0.906029
0.90712
0.903204
0.900685
0.905989
0.904873
0.907871
0.904156
0.904842
0.904331
0.90492
0.904914
0.907605
0.907198
0.904482
0.907975
0.908069
0.909463
0.905039
0.90493
0.906424
0.906816
0.912213
0.909297
0.909485
0.904764
0.909767
0.911258
0.908041
0.910537
0.972236
0.971014
0.96989
0.972781
0.967753
0.972346
0.971926
0.969501
0.970184
0.968461
0.969849
0.970031
0.971112
0.973298
0.976688
0.972659
0.969232
0.972424
0.97291
0.970983
0.97307
0.976061
0.973834
0.973915
0.973696
0.975779
0.973756
0.972333
0.972418
0.972903
0.977693
0.977173
0.973445
0.974125
0.976415
0.976293
0.976475
0.975356
0.977139
0.978323
0.973994
0.977487
0.976061
0.973236
0.979933
0.978314
0.978593
0.979476
1.061804
1.060974
1.059442
1.062618
1.058884
1.06015
1.060425
1.059893
1.06598
1.063348
1.064417
1.060278
1.061954
1.058514
1.062092
1.063467
1.057521
1.06732
1.061575
1.071766
1.057506
1.066898
1.064664
1.062527
1.066609
1.065876
1.07076
1.062612
1.069595
1.062249
1.071437
1.065895
1.066067
1.066941
1.064307
1.072793
1.064645
1.06712
1.06348
1.070566
1.071337
1.07472
1.073085
1.068342
1.06961
1.065171
1.071355
1.069423
1.162699
1.159053
1.161615
1.163476
1.164237
1.164701
1.163955
1.163511
1.164372
1.166139
1.167298
1.167658
1.163
1.163555
1.167427
1.168886
1.16654
1.165296
1.165556
1.165205
1.167173
1.162417
1.163379
1.165143
1.171816
1.169369
1.168827
1.170484
1.167737
1.165588
1.168451
1.171013
1.167364
1.170832
1.16888
1.16914
1.173009
1.170462
1.168915
1.168974
1.171834
1.175099
1.171953
1.174215
1.171862
1.174829
1.176991
1.172636
1.239626
1.243583
1.242631
1.24238
1.242126
1.240372
1.242825
1.242775
1.241117
1.239363
1.239814
1.24347
1.244623
1.243671
1.240911
1.242866
1.244817
1.242562
1.242408
1.244463
1.24451
1.243354
1.245005
1.246459
1.247107
1.245957
1.245303
1.244448
1.245193
1.247352
1.242988
1.243038
1.246593
1.246844
1.245989
1.246537
1.244282
1.243527
1.244679
1.246431
1.249087
1.250234
1.248179
1.247023
1.243661
1.246117
1.247768
1.245914
1.269653
1.270402
1.272351
1.27049
1.265525
1.266875
1.265315
1.267266
1.268413
1.267053
1.267905
1.26815
1.267495
1.266339
1.265478
1.268331
1.269281
1.267323
1.267169
1.269516
1.270662
1.267301
1.267548
1.269199
1.265133
1.265481
1.269935
1.271386
1.267821
1.265362
1.265111
1.267758
1.269713
1.267354
1.2697
1.265941
1.266283
1.268535
1.269284
1.266317
1.268472
1.263704
1.266558
1.267304
1.262439
1.265192
1.26544
1.265086
1.24357
1.245723
1.24998
1.24873
1.24727
1.247518
1.245566
1.246919
1.247869
1.247912
1.249263
1.244501
1.251064
1.248905
1.245647
1.245093
1.247148
1.246092
1.245641
1.244786
1.245538
1.246891
1.244332
1.247386
1.249338
1.243877
1.246628
1.24738
1.247627
1.247571
1.245519
1.248774
1.24602
1.242255
1.247518
1.246061
1.244006
1.244755
1.247305
1.245651
1.249209
1.246155
1.247101
1.244244
1.245895
1.246346
1.245494
1.243733
1.224943
1.223289
1.224542
1.224195
1.22625
1.223092
1.225344
1.224198
1.224348
1.225604
1.223048
1.2252
1.22395
1.221995
1.22135
1.222302
1.222456
1.22521
1.225958
1.222503
1.222757
1.221801
1.226265
1.224511
1.220755
1.219903
1.218753
1.217901
1.221062
1.225122
1.22327
1.220113
1.219762
1.223223
1.225676
1.222923
1.220269
1.219715
1.219163
1.223026
1.220874
1.220322
1.221178
1.221128
1.223082
1.221833
1.225492
1.221833
1.227261
1.228815
1.227863
1.228818
1.229771
1.227615
1.230469
1.232725
1.229467
1.230723
1.226362
1.228013
1.22827
1.232531
1.228468
1.230225
1.227064
1.227615
1.231375
1.230924
1.230673
1.229323
1.22927
1.229824
1.226165
1.229827
1.233182
1.232233
1.23228
1.228621
1.230175
1.231428
1.227569
1.232029
1.234185
1.230025
1.227569
1.230526
1.229473
1.227622
1.232785
1.228724
1.230379
1.229025
1.231181
1.227221
1.228374
1.230328
1.243401
1.24405
1.241694
1.243445
1.241387
1.242042
1.243893
1.243542
1.244491
1.24785
1.246192
1.246543
1.24258
1.242026
1.245785
1.246838
1.24638
1.243627
1.240666
1.242718
1.242468
1.243721
1.244065
1.243216
1.247574
1.245619
1.243561
1.243912
1.246261
1.243505
1.247063
1.245911
1.245156
1.244401
1.244047
1.243295
1.244144
1.242189
1.244043
1.245397
1.246547
1.241882
1.24233
1.241381
1.243032
1.243379
1.244532
1.243677
1.240494
1.241431
1.240356
1.235106
1.239886
1.238724
1.241456
1.241719
1.240388
1.237014
1.234038
1.239811
1.242389
1.239717
1.239047
1.240807
1.23967
1.237512
1.239645
1.235892
1.238364
1.237809
1.23774
1.238392
1.239062
1.237803
1.24014
1.240795
1.238254
1.238408
1.238436
1.241587
1.23925
1.238304
1.241139
1.240378
1.240049
1.240804
1.240331
1.241381
1.236935
1.239395
1.240529
1.242781
1.241437
1.237784
1.246443
1.244479
1.284264
1.28611
1.285953
1.285195
1.285339
1.290395
1.286329
1.287178
1.28792
1.290868
1.291413
1.292062
1.290696
1.288932
1.291582
1.290928
1.291266
1.286999
1.287143
1.287989
1.290439
1.292284
1.292325
1.289462
1.291911
1.291554
1.293299
1.291241
1.29449
1.29453
1.294975
1.293713
1.292353
1.2949
1.295041
1.295787
1.29673
1.292663
1.2912
1.28944
1.2947
1.292832
1.292175
1.292319
1.294966
1.296814
1.298058
1.299305
1.379866
1.380799
1.385646
1.384571
1.383904
1.381723
1.383659
1.388202
1.388036
1.386363
1.381181
1.383318
1.386858
1.38448
1.383709
1.38224
1.383377
1.387315
1.38885
1.389383
1.38791
1.387738
1.384756
1.387497
1.388534
1.391071
1.386789
1.388124
1.392769
1.390592
1.388214
1.387444
1.388982
1.39302
1.395557
1.392478
1.391309
1.390135
1.391469
1.392801
1.391331
1.389856
1.390887
1.389812
1.39135
1.393687
1.393615
1.391541
1.477613
1.472312
1.472829
1.47126
1.473377
1.472898
1.475119
1.472033
1.473064
1.47568
1.474004
1.47713
1.476654
1.477268
1.472776
1.477913
1.473622
1.477256
1.477268
1.478393
1.476413
1.475824
1.472838
1.474464
1.477299
1.474405
1.478032
1.478653
1.475868
1.473888
1.476504
1.479539
1.479057
1.480786
1.479489
1.474505
1.47593
1.477046
1.476673
1.4825
1.475313
1.483048
1.477049
1.478076
1.47719
1.479824
1.477729
1.476043
1.479812
1.4763
1.477133
1.477071
1.480993
1.483803
1.484229
1.482365
1.478258
1.481372
1.479095
1.47813
1.48005
1.480849
1.479975
1.479207
1.480727
1.475821
1.47484
1.479289
1.483214
1.478505
1.480536
1.479868
1.477278
1.480996
1.482014
1.480946
1.479261
1.481074
1.482296
1.47812
1.480548
1.481554
1.478562
1.4788
1.482428
1.480927
1.48135
1.480382
1.479702
1.474195
1.476416
1.475147
1.479082
1.478587
1.479004
1.47833
1.420253
1.420663
1.419886
1.417527
1.42227
1.418063
1.415184
1.419636
1.418567
1.422486
1.419397
1.418846
1.418276
1.418386
1.4167
1.41795
1.417584
1.416991
1.421622
1.418354
1.418495
1.417405
1.413511
1.416161
1.415798
1.419623
1.417533
1.417574
1.417408
1.417327
1.418946
1.41748
1.415817
1.413426
1.412543
1.414285
1.412819
1.414141
1.414658
1.414091
1.415735
1.413752
1.415873
1.413802
1.413141
1.410557
1.406563
1.409504
1.317352
1.31458
1.312907
1.312149
1.311798
1.315444
1.310667
1.315319
1.315263
1.31781
1.317944
1.31067
1.310911
1.314761
1.314796
1.31494
1.310773
1.309511
1.312252
1.313593
1.310833
1.311375
1.307002
1.308844
1.310695
1.311033
1.306059
1.308505
1.305442
1.306588
1.311535
1.310372
1.31042
1.306253
1.306385
1.310235
1.310886
1.311726
1.309959
1.305586
1.309843
1.310686
1.309019
1.304846
1.301482
1.30744
1.307177
1.304311
1.263936
1.267489
1.267235
1.268385
1.270333
1.272282
1.266514
1.265459
1.269011
1.267849
1.267501
1.266646
1.267392
1.267536
1.271088
1.270339
1.265167
1.26451
1.268269
1.273024
1.27678
1.273012
1.26554
1.26689
1.26914
1.275101
1.269127
1.268576
1.269021
1.268964
1.27152
1.268958
1.268203
1.267241
1.269794
1.267432
1.268782
1.266521
1.267273
1.269422
1.27147
1.271918
1.267147
1.266496
1.26674
1.267085
1.27465
1.270687
1.312014
1.312356
1.316497
1.31755
1.314974
1.313017
1.310742
1.314595
1.317944
1.312569
1.316321
1.311741
1.318204
1.31754
1.314376
1.313511
1.314755
1.316804
1.314332
1.314273
1.319022
1.314151
1.317399
1.315432
1.315175
1.313107
1.31375
1.314787
1.314329
1.312265
1.316412
1.315551
1.318596
1.316839
1.316171
1.317916
1.316353
1.319401
1.318837
1.317772
1.318715
1.319755
1.320902
1.317832
1.317669
1.318411
1.319551
1.319793
1.339021
1.335353
1.334686
1.33763
1.338272
1.335801
1.337543
1.339582
1.338617
1.340259
1.336086
1.33753
1.338066
1.334698
1.340848
1.338276
1.339917
1.339053
1.336988
1.338627
1.341167
1.339804
1.339438
1.336872
1.335603
1.338949
1.339187
1.338724
1.338357
1.335083
1.334826
1.335867
1.333498
1.338044
1.339388
1.333107
1.334852
1.331678
1.334623
1.33326
1.340415
1.338144
1.331562
1.329197
1.332242
1.334084
1.333219
1.331756
1.308703
1.306438
1.310886
1.310429
1.310366
1.311613
1.310247
1.310291
1.306319
1.307766
1.307609
1.309047
1.307888
1.311337
1.306165
1.306908
1.232042
1.232797
1.234852
1.235297
1.231942
1.233793
1.233245
1.231086
1.229031
1.230485
1.233345
1.231287
1.231337
1.230485
1.231638
1.230184
1.23134
1.23269
1.229934
1.232393
1.229636
1.230087
1.228934
1.23109
1.230639
1.230689
1.230538
1.229385
1.228436
1.228984
1.229335
1.229887
1.228433
1.226582
1.228837
1.229288
1.230241
1.229592
1.231043
1.223675
1.224527
1.228289
1.224429
1.225883
1.226936
1.228793
1.228843
1.225084
-0.822032
-0.819128
-0.82003
-0.824441
-0.818827
-0.818827
-0.821433
-0.823034
-0.822232
-0.818824
-0.820729
-0.824137
-0.825741
-0.822232
-0.821928
-0.82253
-0.82123
-0.81992
-0.822025
-0.823028
-0.82273
-0.824231
-0.824334
-0.82253
-0.826038
-0.822226
-0.82263
-0.820725
-0.824832
-0.825838
-0.827339
-0.82393
-0.82513
-0.826637
-0.823028
-0.82383
-0.822824
-0.827733
-0.822821
-0.827533
-0.824626
-0.824525
-0.823022
-0.824225
-0.826728
-0.825424
-0.826624
-0.825822
-0.913109
-0.918106
-0.917194
-0.919487
-0.919372
-0.915653
-0.918751
-0.914325
-0.917122
-0.917611
-0.9183
-0.918391
-0.918682
-0.916662
-0.919155
-0.922652
-0.921837
-0.917517
-0.918106
-0.9207
-0.920484
-0.916164
-0.920261
-0.919249
-0.917533
-0.922232
-0.920014
-0.919701
-0.919989
-0.922883
-0.922269
-0.923059
-0.923049
-0.921533
-0.920716
-0.920706
-0.920894
-0.921179
-0.921267
-0.922357
-0.923751
-0.927749
-0.92643
-0.922207
-0.922996
-0.923281
-0.921969
-0.922955
-1.023071
-1.022645
-1.021016
-1.025806
-1.028384
-1.025555
-1.023726
-1.023998
-1.026178
-1.027554
-1.026529
-1.026605
-1.027883
-1.028359
-1.024922
-1.029612
-1.031592
-1.02595
-1.028328
-1.027804
-1.031188
-1.032062
-1.025925
-1.029505
-1.028979
-1.034267
-1.034439
-1.027698
-1.02918
-1.030157
-1.035342
-1.029496
-1.033384
-1.033857
-1.033133
-1.034909
-1.034483
-1.035364
-1.031222
-1.028888
-1.029668
-1.032347
-1.035032
-1.035906
-1.034377
-1.036955
-1.037431
-1.038506
-1.139492
-1.140557
-1.145128
-1.143587
-1.146751
-1.148217
-1.145369
-1.148232
-1.145391
-1.14665
-1.148718
-1.14577
-1.144927
-1.147697
-1.146353
-1.14812
-1.147076
-1.147236
-1.151306
-1.152167
-1.151024
-1.148878
-1.146431
-1.1503
-1.148859
-1.14561
-1.14998
-1.14884
-1.1489
-1.152668
-1.152527
-1.149476
-1.15144
-1.151907
-1.153267
-1.154633
-1.147772
-1.149135
-1.151898
-1.155268
-1.153524
-1.150676
-1.152346
-1.156713
-1.154767
-1.153921
-1.150673
-1.151634
-1.246716
-1.242756
-1.245109
-1.243054
-1.241998
-1.242349
-1.242298
-1.243649
-1.247007
-1.246553
-1.245898
-1.245948
-1.245293
-1.246744
-1.247092
-1.248649
-1.245785
-1.24353
-1.243774
-1.245932
-1.247082
-1.246828
-1.24738
-1.245318
-1.248376
-1.249228
-1.247771
-1.24712
-1.250171
-1.247815
-1.248765
-1.247511
-1.24686
-1.248808
-1.24815
-1.25091
-1.250459
-1.2492
-1.248652
-1.250002
-1.250747
-1.251496
-1.250945
-1.247583
-1.250134
-1.253793
-1.254444
-1.251383
-1.332543
-1.327064
-1.326506
-1.324442
-1.325779
-1.329325
-1.329667
-1.328101
-1.323627
-1.323564
-1.328815
-1.327051
-1.332305
-1.327928
-1.324661
-1.328007
-1.331753
-1.331089
-1.328924
-1.327054
-1.328896
-1.329535
-1.33228
-1.328411
-1.323336
-1.327884
-1.328627
-1.330767
-1.330109
-1.329645
-1.329579
-1.329614
-1.33206
-1.333805
-1.332941
-1.331074
-1.335619
-1.331349
-1.333091
-1.332624
-1.325046
-1.329996
-1.334244
-1.335083
-1.332414
-1.332856
-1.332994
-1.334031
-1.391676
-1.391106
-1.395247
-1.394073
-1.395009
-1.392732
-1.394865
-1.396397
-1.397838
-1.401174
-1.397396
-1.39702
-1.397252
-1.396275
-1.398013
-1.394533
-1.397472
-1.3978
-1.399736
-1.396359
-1.393881
-1.393709
-1.395244
-1.397177
-1.40192
-1.400845
-1.397468
-1.394486
-1.399129
-1.40046
-1.397985
-1.397111
-1.397647
-1.401284
-1.398606
-1.400241
-1.39927
-1.401203
-1.402735
-1.405165
-1.403793
-1.401115
-1.404254
-1.400977
-1.400003
-1.39973
-1.40026
-1.400792
-1.429363
-1.429287
-1.427511
-1.426935
-1.426659
-1.426086
-1.42872
-1.425635
-1.422355
-1.426791
-1.42331
-1.428648
-1.427975
-1.424291
-1.422815
-1.427953
-1.427477
-1.427605
-1.425725
-1.42545
-1.427383
-1.425199
-1.427536
-1.425155
-1.425184
-1.426809
-1.426737
-1.429275
-1.424485
-1.426014
-1.428749
-1.429375
-1.427398
-1.424313
-1.426246
-1.425068
-1.425794
-1.429535
-1.424143
-1.425578
-1.428708
-1.425431
-1.424554
-1.424877
-1.426007
-1.425234
-1.427865
-1.430296
-1.401864
-1.404301
-1.402424
-1.405761
-1.405792
-1.40432
-1.406654
-1.404473
-1.403001
-1.406039
-1.403161
-1.402387
-1.402816
-1.399837
-1.402374
-1.401801
-1.399724
-1.39775
-1.39848
-1.402518
-1.40155
-1.398571
-1.397697
-1.40354
-1.404874
-1.403198
-1.40082
-1.400648
-1.403383
-1.400711
-1.404545
-1.399361
-1.399793
-1.400629
-1.399859
-1.397678
-1.397813
-1.40145
-1.402377
-1.402807
-1.40374
-1.401162
-1.403596
-1.404526
-1.401754
-1.396469
-1.398505
-1.399937
-1.350449
-1.350487
-1.355534
-1.355365
-1.355004
-1.351928
-1.353566
-1.354403
-1.348125
-1.349262
-1.353808
-1.351041
-1.352981
-1.3469
-1.349945
-1.351984
-1.351016
-1.357968
-1.351085
-1.351822
-1.350659
-1.351894
-1.34732
-1.347855
-1.34789
-1.350136
-1.351273
-1.349206
-1.350744
-1.350177
-1.352219
-1.349146
-1.347677
-1.348817
-1.349149
-1.34919
-1.346317
-1.34736
-1.349998
-1.345324
-1.345559
-1.347903
-1.346333
-1.346772
-1.3456
-1.347141
-1.347777
-1.346615
-1.269221
-1.272175
-1.268009
-1.27247
-1.267298
-1.273056
-1.268992
-1.268438
-1.273294
-1.269632
-1.270377
-1.267116
-1.26726
-1.2646
-1.265446
-1.263789
-1.267044
-1.267789
-1.269137
-1.268485
-1.264823
-1.266872
-1.263911
-1.266361
-1.267407
-1.268861
-1.266997
-1.262636
-1.267295
-1.26784
-1.268685
-1.262818
-1.263664
-1.263811
-1.266267
-1.26872
-1.265556
-1.267103
-1.262442
-1.261781
-1.266139
-1.266587
-1.264027
-1.26387
-1.26783
-1.266173
-1.260803
-1.261452
-1.196047
-1.195499
-1.193152
-1.190997
-1.190352
-1.189102
-1.189258
-1.191423
-1.19308
-1.191533
-1.188275
-1.192341
-1.194102
-1.188942
-1.188497
-1.190458
-1.193419
-1.194073
-1.187416
-1.187172
-1.189531
-1.189888
-1.188641
-1.189694
-1.188748
-1.190411
-1.189562
-1.191022
-1.18887
-1.188024
-1.184572
-1.185631
-1.184685
-1.184835
-1.1882
-1.185853
-1.186809
-1.183761
-1.185615
-1.185675
-1.183829
-1.182479
-1.186041
-1.184798
-1.185452
-1.187814
-1.185565
-1.187824
-1.077931
-1.080105
-1.081274
-1.079438
-1.078705
-1.077471
-1.077743
-1.07701
-1.078282
-1.080854
-1.076813
-1.08039
-1.078053
-1.078125
-1.079798
-1.077859
-1.080735
-1.078504
-1.076866
-1.076233
-1.078507
-1.077477
-1.075337
-1.078213
-1.075873
-1.072837
-1.074109
-1.078088
-1.072045
-1.071709
-1.073586
-1.075556
-1.074924
-1.06878
-1.07196
-1.073533
-1.073197
-1.071866
-1.074742
-1.070303
-1.073078
-1.076556
-1.075823
-1.076894
-1.07175
-1.070011
-1.072693
-1.075472
-1.005684
-1.004356
-1.006139
-1.007417
-1.0083
-1.006574
-1.005747
-1.004121
-1.008009
-1.004578
-1.004356
-1.001427
-1.00491
-1.004387
-1.004663
-1.00304
-0.998401
-1.000186
-1.000265
-1.004757
-1.004033
-1.000703
-1.002783
-1.005268
-1.004447
-1.005427
-1.001292
-1.005277
-1.008165
-1.003028
-1.005813
-1.00419
-1.000559
-1.000938
-1.004024
-1.003899
-1.002273
-0.998441
-1.000424
-1.000002
-1.00439
-1.005672
-1.00174
-1.000816
-0.999491
-0.998968
-1.001549
-1.001627
-1.005684
-1.004356
-1.006139
-1.007417
-1.0083
-1.006574
-1.005747
-1.004121
-1.008009
-1.004578
-1.004356
-1.001427
-1.00491
-1.004387
-1.004663
-1.00304
-0.998401
-1.000186
-1.000265
-1.004757
-1.004033
-1.000703
-1.002783
-1.005268
-1.004447
-1.005427
-1.001292
-1.005277
-1.008165
-1.003028
-1.005813
-1.00419
-1.000559
-1.000938
-1.004024
-1.003899
-1.002273
-0.998441
-1.000424
-1.000002
-1.00439
-1.005672
-1.00174
-1.000816
-0.999491
-0.998968
-1.001549
-1.001627
-0.813132
-0.814335
-0.813736
-0.808724
-0.814839
-0.817348
-0.817348
-0.810532
-0.811734
-0.814344
-0.815647
-0.815447
-0.810337
-0.812446
-0.810942
-0.814153
-0.810541
-0.810444
-0.81175
-0.814457
-0.813655
-0.81035
-0.809247
-0.809952
-0.804438
-0.806246
-0.806045
-0.807355
-0.807252
-0.806252
-0.808762
-0.808661
-0.805557
-0.804056
-0.803455
-0.804758
-0.806863
-0.807471
-0.803464
-0.802762
-0.805272
-0.804868
-0.804373
-0.800767
-0.799865
-0.801873
-0.802982
-0.803887
-0.738091
-0.736897
-0.7342
-0.735312
-0.736427
-0.735033
-0.732439
-0.73476
-0.730657
-0.734275
-0.730779
-0.731991
-0.7294
-0.726703
-0.730321
-0.730036
-0.729341
-0.730359
-0.728661
-0.726669
-0.729989
-0.729297
-0.729711
-0.726412
-0.725622
-0.725735
-0.726048
-0.725055
-0.720757
-0.723379
-0.728103
-0.723498
-0.726919
-0.725732
-0.726841
-0.72545
-0.725864
-0.725979
-0.723282
-0.723395
-0.722305
-0.720911
-0.724031
-0.727151
-0.719548
-0.72056
-0.722775
-0.723592
-0.638232
-0.640265
-0.64009
-0.636399
-0.636822
-0.636944
-0.634062
-0.636487
-0.635914
-0.636334
-0.638664
-0.640287
-0.637602
-0.635118
-0.637753
-0.636669
-0.641001
-0.636913
-0.634031
-0.636459
-0.635481
-0.6342
-0.635221
-0.638154
-0.637577
-0.637098
-0.633511
-0.635037
-0.634758
-0.634585
-0.635707
-0.631716
-0.63014
-0.636177
-0.633589
-0.633116
-0.631935
-0.631754
-0.631885
-0.630801
-0.62962
-0.630948
-0.633376
-0.633
-0.630516
-0.632042
-0.62936
-0.631487
-0.564102
-0.561224
-0.564265
-0.559986
-0.561521
-0.56456
-0.561383
-0.564325
-0.564153
-0.564287
-0.563817
-0.559939
-0.562276
-0.562004
-0.563539
-0.561164
-0.564008
-0.562536
-0.558758
-0.561396
-0.562329
-0.561057
-0.559786
-0.558611
-0.560149
-0.560183
-0.563122
-0.561148
-0.558373
-0.559206
-0.562145
-0.561176
-0.556997
-0.559735
-0.56097
-0.561603
-0.560835
-0.558758
-0.55498
-0.559726
-0.558157
-0.55909
-0.560625
-0.557546
-0.558479
-0.557408
-0.558448
-0.559679
-0.542747
-0.542678
-0.540911
-0.53613
-0.540779
-0.550635
-0.543849
-0.538771
-0.540012
-0.540648
-0.544088
-0.541418
-0.543458
-0.542086
-0.544927
-0.543558
-0.544796
-0.544529
-0.542756
-0.541688
-0.538514
-0.542756
-0.539583
-0.542427
-0.537847
-0.536578
-0.536716
-0.53765
-0.540394
-0.539927
-0.536149
-0.537991
-0.542032
-0.546378
-0.5429
-0.541735
-0.543774
-0.541403
-0.53963
-0.54207
-0.537894
-0.540739
-0.540472
-0.538298
-0.542744
-0.544683
-0.546117
-0.541741
-0.537922
-0.539962
-0.53739
-0.532208
-0.536553
-0.538696
-0.538026
-0.534151
-0.537192
-0.533417
-0.532152
-0.5379
-0.535733
-0.535065
-0.535801
-0.538743
0.966152
0.965736
0.971331
0.96941
0.968192
0.969677
0.972462
0.976754
0.975331
0.974413
0.970081
0.972368
0.974655
0.974034
0.972512
0.970388
0.968969
0.974063
0.976848
0.976328
0.97551
0.97218
0.977875
0.978558
0.976735
0.976616
0.976995
0.976772
0.977158
0.975234
0.977825
0.977001
0.975676
0.979467
0.979849
0.984645
0.982217
0.979488
0.982076
0.983257
0.981334
0.981315
0.980294
0.984081
0.984864
0.98665
0.981716
0.979394
1.095628
1.093187
1.093454
1.091919
1.092185
1.091151
1.093519
1.093084
1.091348
1.096931
1.100108
1.096865
1.094722
1.094788
1.095459
1.096029
1.097695
1.099165
1.100436
1.100703
1.099061
1.098128
1.094682
1.097059
1.099932
1.1009
1.099863
1.10023
1.105505
1.102163
1.099622
1.102398
1.10106
1.101928
1.100791
1.099553
1.095709
1.100386
1.100649
1.096912
1.101586
1.104459
1.107134
1.104694
1.101351
1.101414
1.102883
1.105355
1.197206
1.203171
1.197711
1.204881
1.199822
1.204186
1.199731
1.19918
1.20495
1.204104
1.203951
1.1999
1.203559
1.202209
1.203666
1.205624
1.204574
1.202522
1.203982
1.209349
1.204089
1.208756
1.204596
1.203544
1.204602
1.204154
1.206009
1.205661
1.206116
1.205868
1.207726
1.209183
1.205831
1.203976
1.205737
1.207992
1.205442
1.210705
1.209756
1.209305
1.208556
1.20891
1.208258
1.204602
1.209772
1.206817
1.207171
1.206523
1.279888
1.282438
1.280674
1.28142
1.28006
1.283713
1.282852
1.283196
1.279434
1.28028
1.28433
1.28127
1.278206
1.276749
1.279901
1.278538
1.283497
1.282335
1.283384
1.282025
1.280164
1.282814
1.282053
1.280292
1.279537
1.281285
1.28594
1.283177
1.282416
1.284665
1.280198
1.283854
1.282996
1.281235
1.28188
1.282827
1.284775
1.284017
1.282056
1.284506
1.287757
1.287096
1.284734
1.281771
1.285019
1.282961
1.281902
1.28335
1.322521
1.322261
1.321199
1.32144
1.320175
1.323323
1.325363
1.321093
1.322935
1.320867
1.320707
1.32566
1.3266
1.320623
1.321368
1.323007
1.322048
1.322888
1.325732
1.320457
1.323308
1.321541
1.324081
1.324122
1.321052
1.31999
1.321632
1.322875
1.320407
1.323555
1.323192
1.321829
1.321365
1.323505
1.32525
1.324589
1.323022
1.323364
1.322302
1.322136
1.322982
1.324423
1.323762
1.3239
1.327343
1.329288
1.323712
1.327261
1.386714
1.386645
1.383365
1.386006
1.380022
1.38126
1.383894
1.385229
1.381451
1.381783
1.387829
1.386454
1.388192
1.384618
1.38485
1.383474
1.386109
1.385843
1.387378
1.385805
1.388142
1.389674
1.390207
1.390338
1.386961
1.386491
1.387127
1.390564
1.389693
1.385013
1.386645
1.390185
1.389915
1.389743
1.389674
1.390106
1.389633
1.387359
1.386789
1.387325
1.387052
1.390291
1.392331
1.390257
1.391388
1.389414
1.392954
1.392484
1.428216
1.426343
1.425462
1.423285
1.42341
1.424344
1.42617
1.42419
1.419607
1.423846
1.422972
1.424804
1.422323
1.422652
1.428789
1.426712
1.424732
1.422558
1.425588
1.427019
1.426142
1.425666
1.423288
1.422612
1.420531
1.424269
1.424394
1.427032
1.422947
1.42077
1.425509
1.423329
1.425359
1.424786
1.424212
1.427245
1.430177
1.428796
1.427223
1.424739
1.427674
1.424194
1.423517
1.423144
1.423771
1.420591
1.423724
1.425453
1.365345
1.364879
1.359703
1.361439
1.361273
1.363513
1.359938
1.359067
1.361307
1.35914
1.361079
1.359813
1.362153
1.356975
1.355603
1.361251
1.356774
1.35601
1.358347
1.359487
1.358519
1.357651
1.355885
1.352808
1.353848
1.352981
1.351511
1.356662
1.352185
1.352721
1.353263
1.350691
1.354234
1.351157
1.351593
1.349024
1.350265
1.348692
1.351536
1.351574
1.346797
1.348037
1.344262
1.346004
1.34273
1.351693
1.349719
1.34264
1.22729
1.22744
1.227891
1.226839
1.229696
1.226137
1.224583
1.228847
1.227496
1.227246
1.226691
1.225338
1.226494
1.227246
1.225391
1.227449
1.225097
1.227753
1.224793
1.222941
1.220385
1.220435
1.225601
1.224549
1.223596
1.226557
1.221294
1.218841
1.220094
1.220247
1.221801
1.219345
1.223906
1.219151
1.221005
1.223562
1.222406
1.220955
1.220407
1.219658
1.219812
1.21896
1.220016
1.221168
1.219511
1.217563
1.215508
1.219571
1.167599
1.161944
1.157696
1.158755
1.16212
1.160478
1.158733
1.159892
1.16346
1.162214
1.162073
1.15732
1.160688
1.158038
1.156995
1.160763
1.160625
1.156976
1.159137
1.162602
1.160657
1.159513
1.160578
1.159432
1.161192
1.160249
1.160513
1.155055
1.156719
1.159485
1.162649
1.161806
1.160666
1.157114
1.154166
1.158235
1.158592
1.15665
1.155203
1.160278
1.15753
1.15488
1.156844
1.1543
1.155663
1.155319
1.152775
1.15504
1.119787
1.120354
1.120821
1.121889
1.120946
1.118801
1.122278
1.123644
1.121501
1.11896
1.119922
1.122992
1.124161
1.119815
1.117973
1.119142
1.123214
1.123374
1.121636
1.119696
1.120461
1.124032
1.122992
1.12406
1.124323
1.120476
1.121946
1.120304
1.123171
1.118224
1.120195
1.119653
1.122225
1.123888
1.119142
1.119609
1.11797
1.117128
1.117093
1.120564
1.123938
1.122096
1.119756
1.116604
1.124693
1.126159
1.126823
1.125282
1.17024
1.170697
1.169651
1.173018
1.173479
1.170428
1.17269
1.171045
1.171201
1.168849
1.166202
1.166659
1.172232
1.172993
1.168642
1.169701
1.16675
1.167809
1.169372
1.169431
1.173094
1.172652
1.170506
1.171859
1.171621
1.16837
1.170534
1.17169
1.17175
1.17321
1.170863
1.169817
1.173886
1.170835
1.173498
1.174259
1.171405
1.174369
1.177235
1.176289
1.174143
1.174801
1.170447
1.171104
1.173871
1.177633
1.171674
1.172439
1.231472
1.227415
1.225658
1.228214
1.229567
1.227515
1.227265
1.231027
1.230476
1.226112
1.224661
1.227518
1.231779
1.231228
1.230873
1.230225
1.229771
1.229223
1.229573
1.230429
1.232885
1.231428
1.22947
1.229624
1.229874
1.231428
1.230275
1.229724
1.229974
1.233934
1.232781
1.230325
1.230877
1.232828
1.234081
1.233333
1.235986
1.232127
1.230075
1.232628
1.230072
1.231926
1.230275
1.230125
1.232581
1.235338
1.232878
1.232424
1.239109
1.240563
1.245826
1.242258
1.243514
1.244069
1.243113
1.241753
1.239595
1.240951
1.245112
1.243655
1.2427
1.241045
1.243201
1.248858
1.242797
1.239134
1.245403
1.247352
1.246299
1.245143
1.244191
1.246139
1.246192
1.244936
1.243683
1.24383
1.24498
1.243122
1.240265
1.243921
1.244476
1.241816
1.240563
1.246023
1.243163
1.24482
1.241957
1.248423
1.24967
1.247618
1.244557
1.243401
1.241243
1.241096
1.244451
1.246105
1.405065
1.411625
1.406923
1.409858
1.408696
1.41253
1.415663
1.413072
1.411916
1.411042
1.415673
1.418602
1.416631
1.413364
1.416685
1.417606
1.417136
1.41888
1.419905
1.419018
1.417953
1.420387
1.418404
1.422333
1.41816
1.418389
1.424826
1.429259
1.43029
1.423006
1.425538
1.426549
1.430403
1.430722
1.430055
1.424952
1.428893
1.431233
1.435158
1.433686
1.437411
1.430036
1.43336
1.435584
1.434911
1.434434
1.432561
1.440189
1.70185
1.704343
1.707642
1.706539
1.710032
1.706016
1.704096
1.707808
1.707996
1.711796
1.711292
1.710577
1.709468
1.711862
1.711859
1.710039
1.712037
1.71574
1.715925
1.716223
1.718816
1.714998
1.717996
1.717689
1.717178
1.716464
1.715352
1.723365
1.719443
1.722842
1.720928
1.717407
1.721009
1.720492
1.720687
1.721479
1.719966
1.724769
1.723954
1.726952
1.728744
1.727632
1.728825
1.727212
1.725893
1.732998
1.73219
1.730176
1.90011
1.895254
1.900946
1.899891
1.899875
1.900154
1.8959
1.897171
1.896028
1.901633
1.898083
1.901053
1.903431
1.902497
1.901767
1.904527
1.899596
1.896861
1.900332
1.901501
1.906682
1.899947
1.90141
1.90438
1.907152
1.908333
1.908001
1.903049
1.899709
1.905996
1.906971
1.900912
1.902287
1.900859
1.905439
1.903995
1.90817
1.906344
1.905812
1.906172
1.907137
1.906814
1.902472
1.90574
1.904606
1.904978
1.907061
1.905915
1.973735
1.976104
1.976467
1.980132
1.98189
1.976442
1.976899
1.975355
1.97902
1.98219
1.97804
1.981204
1.981962
1.976711
1.976671
1.977529
1.975183
1.97715
1.976705
1.97897
1.978528
1.980596
1.978152
1.976501
1.978766
1.978722
1.980687
1.97804
1.977394
1.976755
1.97892
1.977977
1.977833
1.977294
1.976852
1.979017
1.983588
1.982338
1.981598
1.979352
1.980812
1.98007
1.981733
1.978481
1.979944
1.980207
1.978359
1.977216
2.01665
2.018311
2.017061
2.018818
2.021277
2.017828
2.018379
2.019031
2.014874
2.018342
2.018997
2.017048
2.016193
2.021164
2.022327
2.017662
2.01571
2.017775
2.021537
2.024398
2.022346
2.023304
2.019548
2.022606
2.026769
2.021512
2.017659
2.019514
2.021368
2.019523
2.021782
2.020933
2.018777
2.020441
2.019288
2.026559
2.023404
2.019852
2.017803
2.021559
2.024316
2.023376
2.020425
2.021682
2.024632
2.023586
2.030359
2.022988
2.084743
2.081886
2.084834
2.08869
2.082826
2.075549
2.077303
2.083161
2.083612
2.083559
2.082898
2.079944
2.078484
2.085752
2.086595
2.078722
2.086388
2.081523
2.085984
2.081714
2.081156
2.083813
2.084358
2.084709
2.079737
2.087005
2.083139
2.086996
2.083935
2.083581
2.082024
2.086278
2.089931
2.086767
2.087418
2.082854
2.084505
2.082845
2.088004
2.089057
2.087193
2.085335
2.08448
2.088032
2.090485
2.088227
2.084962
2.081902
2.134816
2.132849
2.126775
2.131029
2.134274
2.135211
2.128338
2.124469
2.128018
2.12956
2.130108
2.123536
2.128485
2.127824
2.12706
2.124995
2.128147
2.129889
2.128927
2.131374
2.129516
2.128639
2.128798
2.127824
2.127066
2.128009
2.131759
2.129804
2.129331
2.125067
2.130916
2.13237
2.127091
2.130437
2.130684
2.133024
2.13127
2.131699
2.133958
2.133689
2.134431
2.132567
2.137313
2.134259
2.130982
2.130027
2.131364
2.134616
2.100319
2.083722
2.080257
2.091124
2.098186
2.104047
2.085645
2.078274
2.077015
2.101021
2.099254
2.090585
2.087224
2.089076
2.099135
2.102888
-1.178181
-1.176236
-1.172583
-1.177251
-1.17971
-1.177163
-1.177019
-1.179181
-1.17533
-1.17408
-1.179249
-1.182313
-1.179566
-1.178216
-1.177771
-1.179431
-1.179487
-1.177241
-1.18211
-1.176555
-1.177815
-1.180875
-1.180935
-1.177683
-1.178538
-1.179397
-1.180456
-1.181919
-1.180769
-1.176314
-1.179177
-1.177329
-1.182097
-1.178946
-1.174287
-1.178259
-1.181223
-1.180073
-1.179231
-1.177783
-1.180145
-1.178093
-1.180158
-1.17961
-1.181771
-1.183231
-1.182789
-1.178535
-1.236556
-1.23821
-1.23806
-1.238812
-1.238959
-1.238909
-1.238856
-1.2377
-1.235848
-1.235197
-1.236346
-1.241208
-1.237546
-1.237897
-1.238051
-1.238696
-1.241055
-1.239097
-1.242856
-1.2416
-1.238542
-1.239194
-1.243752
-1.240695
-1.242947
-1.241493
-1.241343
-1.240187
-1.240839
-1.244498
-1.244545
-1.243492
-1.24404
-1.249501
-1.242533
-1.242082
-1.245134
-1.245685
-1.244028
-1.24478
-1.243323
-1.242872
-1.244823
-1.24447
-1.246625
-1.243166
-1.239203
-1.24597
-1.279334
-1.279578
-1.277416
-1.278666
-1.280912
-1.279553
-1.278995
-1.281044
-1.280186
-1.281833
-1.280076
-1.281523
-1.278557
-1.278604
-1.277444
-1.280897
-1.283246
-1.280985
-1.286341
-1.282576
-1.280915
-1.281862
-1.282607
-1.281348
-1.283199
-1.279935
-1.284286
-1.279117
-1.275248
-1.280609
-1.283359
-1.281699
-1.282949
-1.283491
-1.282532
-1.28027
-1.280013
-1.284875
-1.28501
-1.285859
-1.2846
-1.282639
-1.284584
-1.278215
-1.281367
-1.283917
-1.280352
-1.281201
-1.30005
-1.302494
-1.301936
-1.30188
-1.298308
-1.301059
-1.298493
-1.300439
-1.300586
-1.301125
-1.299659
-1.299906
-1.30235
-1.303797
-1.301332
-1.303183
-1.303421
-1.301056
-1.300495
-1.298334
-1.304389
-1.305833
-1.302967
-1.2989
-1.304756
-1.301087
-1.30083
-1.298863
-1.303318
-1.302556
-1.298888
-1.298929
-1.300075
-1.300921
-1.30016
-1.302403
-1.301344
-1.301488
-1.302932
-1.305479
-1.299909
-1.301955
-1.304398
-1.302133
-1.29907
-1.298108
-1.302559
-1.305811
-1.305749
-1.30609
-1.302321
-1.302863
-1.303603
-1.306854
-1.309301
-1.305435
-1.298857
-1.304615
-1.303152
-1.305
-1.306441
-1.303477
-1.30432
-1.307365
-1.307406
-1.306748
-1.306391
-1.305827
-1.306673
-1.303405
-1.30094
-1.305492
-1.305432
-1.302065
-1.30421
-1.303349
-1.303994
-1.298722
-1.302472
-1.304918
-1.304859
-1.301494
-1.300132
-1.297669
-1.299612
-1.302362
-1.303609
-1.303349
-1.30068
-1.303731
-1.303274
-1.303211
-1.303753
-1.299079
-1.299126
-1.301472
-1.270734
-1.273785
-1.274932
-1.270064
-1.272413
-1.274268
-1.269497
-1.274055
-1.274801
-1.272037
-1.271182
-1.271022
-1.268667
-1.27242
-1.271865
-1.274616
-1.272955
-1.26929
-1.272645
-1.272388
-1.272034
-1.27138
-1.27523
-1.271968
-1.267805
-1.27236
-1.271405
-1.269444
-1.274205
-1.272144
-1.269782
-1.271727
-1.269572
-1.273328
-1.271069
-1.267103
-1.268651
-1.26789
-1.270947
-1.269588
-1.264525
-1.26477
-1.270527
-1.273077
-1.267307
-1.267157
-1.263191
-1.263335
-1.218123
-1.219781
-1.220232
-1.221889
-1.220134
-1.219881
-1.217428
-1.21818
-1.222143
-1.220789
-1.219138
-1.213976
-1.215934
-1.216187
-1.212328
-1.214189
-1.215642
-1.214389
-1.216344
-1.220814
-1.21615
-1.218913
-1.217055
-1.218111
-1.21776
-1.215207
-1.212751
-1.214608
-1.216266
-1.220326
-1.214762
-1.21552
-1.214868
-1.216526
-1.217177
-1.216031
-1.212572
-1.215529
-1.213879
-1.214834
-1.21328
-1.217547
-1.214893
-1.216344
-1.215298
-1.216748
-1.21089
-1.211241
-1.159172
-1.159031
-1.163705
-1.162759
-1.161813
-1.159266
-1.158924
-1.161086
-1.159946
-1.1579
-1.157361
-1.15842
-1.163291
-1.160942
-1.154987
-1.156948
-1.158711
-1.159375
-1.160838
-1.157787
-1.157746
-1.158107
-1.155961
-1.156518
-1.155375
-1.154432
-1.156897
-1.155156
-1.156919
-1.15477
-1.157938
-1.153286
-1.154247
-1.154006
-1.156171
-1.161045
-1.156788
-1.156346
-1.154902
-1.156265
-1.157828
-1.157787
-1.156042
-1.156202
-1.156164
-1.16013
-1.153376
-1.151528
-1.116304
-1.115464
-1.113422
-1.119502
-1.120066
-1.114719
-1.117992
-1.115448
-1.115611
-1.12089
-1.117952
-1.114202
-1.11517
-1.117936
-1.119709
-1.117469
-1.115423
-1.11599
-1.112845
-1.116316
-1.118089
-1.110132
-1.112701
-1.11387
-1.114437
-1.116106
-1.111053
-1.110117
-1.111686
-1.11646
-1.116329
-1.113885
-1.109236
-1.11271
-1.116883
-1.11725
-1.112002
-1.111667
-1.116642
-1.116705
-1.119881
-1.11443
-1.110286
-1.113353
-1.114023
-1.112682
-1.115254
-1.113716
-1.087361
-1.08602
-1.086286
-1.085763
-1.084416
-1.089901
-1.084253
-1.080215
-1.081985
-1.086158
-1.086837
-1.07988
-1.081458
-1.082624
-1.085299
-1.082267
-1.083235
-1.084804
-1.081562
-1.079729
-1.082806
-1.083676
-1.08284
-1.084312
-1.078667
-1.082843
-1.084018
-1.081477
-1.080945
-1.08081
-1.083586
-1.083861
-1.083122
-1.085299
-1.082859
-1.083028
-1.082495
-1.078952
-1.083131
-1.082796
-1.081161
-1.083034
-1.083203
-1.080465
-1.080835
-1.077693
-1.080064
-1.083745
-1.073288
-1.073555
-1.074529
-1.068984
-1.070459
-1.074836
-1.075406
-1.073874
-1.071537
-1.071409
-1.073479
-1.075356
-1.07482
-1.074187
-1.073558
-1.074128
-1.073392
-1.074165
-1.072032
-1.070798
-1.069363
-1.073442
-1.076117
-1.073483
-1.071844
-1.072217
-1.073288
-1.075362
-1.077439
-1.072897
-1.071058
-1.072734
-1.07992
-1.075378
-1.073442
-1.069902
-1.072477
-1.075957
-1.07362
-1.070278
-1.071048
-1.071522
-1.074798
-1.074767
-1.07233
-1.071894
-1.069557
-1.071835
-1.090493
-1.090866
-1.092536
-1.091298
-1.088861
-1.088225
-1.088297
-1.089566
-1.088632
-1.088996
-1.087561
-1.09284
-1.088896
-1.086458
-1.091041
-1.090202
-1.088567
-1.087934
-1.09091
-1.08857
-1.089839
-1.093209
-1.09288
-1.094249
-1.094018
-1.093983
-1.09024
-1.092714
-1.088272
-1.088438
-1.089406
-1.089776
-1.094256
-1.094419
-1.090073
-1.090747
-1.092617
-1.095092
-1.094155
-1.090816
-1.094387
-1.096658
-1.092016
-1.092085
-1.094556
-1.095725
-1.09429
-1.091646
-1.131923
-1.131986
-1.13395
-1.131811
-1.135579
-1.132635
-1.133997
-1.137071
-1.137428
-1.133681
-1.132644
-1.134712
-1.13427
-1.13453
-1.135799
-1.132152
-1.136626
-1.139389
-1.136243
-1.136106
-1.135166
-1.134824
-1.133787
-1.134752
-1.136115
-1.135673
-1.135636
-1.135899
-1.13656
-1.138327
-1.137885
-1.13765
-1.134
-1.137067
-1.137738
-1.137995
-1.137155
-1.137719
-1.133368
-1.139946
-1.136998
-1.136757
-1.138627
-1.134881
-1.140253
-1.136303
-1.133258
-1.138333
-1.193184
-1.191132
-1.191392
-1.194249
-1.192303
-1.191752
-1.195214
-1.19507
-1.194224
-1.192874
-1.194033
-1.196191
-1.196749
-1.19189
-1.188441
-1.192798
-1.190148
-1.190505
-1.193867
-1.194424
-1.196085
-1.194634
-1.192485
-1.192639
-1.197504
-1.191242
-1.192501
-1.197071
-1.195123
-1.194872
-1.194227
-1.19538
-1.194133
-1.195192
-1.193741
-1.194499
-1.191743
-1.195511
-1.191254
-1.185897
-1.187557
-1.189515
-1.190872
-1.193434
-1.192084
-1.191442
-1.187683
-1.19215
-1.282654
-1.286009
-1.284644
-1.286391
-1.282924
-1.285778
-1.287325
-1.28887
-1.283603
-1.284443
-1.2874
-1.28965
-1.284377
-1.287027
-1.28897
-1.291326
-1.288957
-1.2874
-1.290145
-1.290492
-1.293243
-1.293384
-1.291225
-1.290063
-1.2874
-1.289747
-1.292698
-1.295144
-1.294487
-1.290915
-1.29677
-1.294815
-1.293052
-1.291993
-1.289628
-1.291172
-1.292018
-1.291962
-1.292507
-1.292948
-1.298105
-1.299749
-1.297384
-1.293616
-1.295364
-1.2937
-1.295846
-1.298196
-1.424704
-1.427242
-1.420447
-1.427696
-1.426117
-1.426643
-1.428175
-1.427796
-1.424717
-1.425444
-1.429986
-1.427802
-1.432038
-1.430963
-1.429685
-1.426402
-1.426828
-1.427458
-1.430992
-1.429513
-1.431145
-1.430966
-1.430193
-1.430619
-1.429444
-1.428567
-1.428391
-1.427915
-1.427937
-1.430171
-1.430199
-1.430425
-1.43055
-1.434989
-1.433206
-1.432834
-1.431151
-1.429375
-1.430503
-1.434738
-1.437072
-1.435089
-1.430707
-1.435547
-1.432458
-1.432884
-1.434012
-1.43304
-1.525424
-1.526442
-1.527959
-1.524867
-1.528388
-1.529306
-1.527815
-1.530531
-1.527141
-1.527755
-1.528773
-1.526978
-1.5297
-1.529108
-1.529722
-1.527536
-1.526242
-1.528563
-1.530982
-1.529895
-1.525396
-1.52892
-1.530339
-1.528548
-1.529265
-1.536693
-1.533895
-1.534014
-1.536433
-1.534337
-1.536655
-1.537971
-1.538087
-1.53428
-1.533607
-1.534716
-1.535935
-1.538152
-1.536655
-1.534775
-1.53668
-1.540511
-1.543419
-1.538325
-1.541846
-1.538347
-1.536461
-1.540273
-1.581249
-1.583163
-1.581566
-1.582672
-1.58088
-1.585397
-1.585203
-1.5815
-1.583311
-1.584723
-1.581324
-1.582932
-1.587449
-1.582546
-1.582753
-1.585569
-1.582769
-1.581876
-1.58248
-1.584589
-1.581892
-1.580096
-1.585814
-1.586732
-1.5826
-1.583051
-1.580914
-1.581353
-1.581046
-1.583254
-1.586694
-1.593282
-1.584
-1.593
-1.576986
-1.602849
-1.585303
-1.586431
-1.590729
-1.585644
-1.590444
-1.580736
-1.585651
-1.587765
-1.58447
-1.585666
-1.584382
-1.592298
-1.587396
-1.581898
-1.584702
-1.583912
-1.585218
-1.586735
-1.586036
-1.584636
-1.580435
-1.583449
-1.583561
-1.584169
-1.583276
-1.584984
-1.58519
-1.585704
-1.587214
-1.581102
-1.588627
-1.587631
-1.587239
-1.58654
-1.581537
-1.582242
-1.586161
-1.58567
-1.584072
-1.58488
-1.583386
-1.583292
-1.582095
-1.583405
-1.583013
-1.582615
-1.583226
-1.583636
-1.582039
-1.578737
-1.581453
-1.582061
-1.582368
-1.583777
-1.585087
-1.584294
-1.584103
-1.582606
-1.580003
-1.582618
-1.563571
-1.563177
-1.563186
-1.564599
-1.5611
-1.562118
-1.561021
-1.560633
-1.562043
-1.557441
-1.561861
-1.564179
-1.560483
-1.559286
-1.562707
-1.56151
-1.559718
-1.557221
-1.562647
-1.560151
-1.560758
-1.561269
-1.559276
-1.560188
-1.560799
-1.560407
-1.561817
-1.561031
-1.559937
-1.55724
-1.555545
-1.558769
-1.559477
-1.560088
-1.559095
-1.554997
-1.558315
-1.561632
-1.560138
-1.558847
-1.557253
-1.559568
-1.557171
-1.55568
-1.558196
-1.557904
-1.556814
-1.557328
-1.482713
-1.480326
-1.483449
-1.482669
-1.481287
-1.483411
-1.481325
-1.476939
-1.479461
-1.484389
-1.4799
-1.481322
-1.479636
-1.483668
-1.486297
-1.480401
-1.479019
-1.480438
-1.477353
-1.482183
-1.482904
-1.483631
-1.480739
-1.483863
-1.481579
-1.47839
-1.479514
-1.478029
-1.477346
-1.480777
-1.476886
-1.478412
-1.477127
-1.475248
-1.481175
-1.479198
-1.481619
-1.47843
-1.476548
-1.477663
-1.479796
-1.476303
-1.476526
-1.480955
-1.471551
-1.48
-1.474398
-1.476836
-1.364885
-1.366323
-1.364553
-1.36559
-1.364919
-1.362849
-1.364183
-1.36402
-1.362852
-1.363087
-1.364224
-1.364058
-1.359879
-1.358012
-1.359844
-1.359481
2.249452
2.251078
2.250699
2.252735
2.252961
2.250179
2.250204
2.253243
2.253167
2.253882
2.252519
2.252434
2.250859
2.253293
2.256319
2.253048
2.253061
2.253901
2.256021
2.250031
2.263192
2.253086
2.256428
2.257447
2.257876
2.260908
2.255019
2.25645
2.253459
2.261416
2.262938
2.259154
2.25968
2.256595
2.257926
2.260554
2.258177
2.258997
2.259423
2.263659
2.265291
2.260501
2.260429
2.260551
2.260576
2.265911
2.263925
2.262553
2.368085
2.371001
2.367505
2.365413
2.369736
2.373054
2.368354
2.36666
2.368273
2.372298
2.371205
2.370215
2.368223
2.368032
2.368141
2.367449
2.36977
2.368276
2.371496
2.369504
2.370616
2.366215
2.368937
2.368542
2.368054
2.372176
2.373893
2.372201
2.369701
2.371719
2.372637
2.370738
2.373858
2.372966
2.371271
2.374294
2.372098
2.370109
2.369614
2.37253
2.373746
2.37165
2.37076
2.371575
2.372085
2.377709
2.375416
2.373219
2.367887
2.3689
2.367712
2.366518
2.368035
2.365241
2.369764
2.368671
2.36848
2.369297
2.365597
2.366209
2.364019
2.364432
2.365447
2.364855
2.365572
2.365782
2.364088
2.366406
2.365917
2.36182
2.366945
2.364946
2.36426
2.364874
2.364288
2.368007
2.36441
2.365319
2.36343
2.364044
2.364861
2.359761
2.367593
2.363894
2.363304
2.362512
2.362221
2.363339
2.366359
2.362361
2.360867
2.361381
2.359692
2.36051
2.358117
2.373219
2.230778
2.232206
2.234349
2.23226
2.231993
2.227708
